0.011270 14
0.009278 86
1.726302 2
0.217208 2
0.087106 2
0.139466 2
0.410596 4
0.161564 4
0.144701 4
0.131767 4
0.557350 1
0.147238 1
0.091603 1
0.112337 1
0.388716 1
0.308857 1
0.189329 1
0.240560 1
0.183236 1
0.173057 1
0.103121 1
0.182344 1
0.106765 1
0.166662 1
0.154392 1
0.193398 1
0.164623 1
0.212692 1
0.205958 1
0.242295 1
0.395072 4
0.095488 1
0.340872 1
0.931805 11
0.038922 33
1.769206 2
0.023013 111
0.003908 86
0.904810 21
0.335683 1
0.226026 1
0.467703 3
0.202040 3
0.334896 4
0.486519 11
0.013106 129
0.009712 8
0.000029 78
5.566212 1
0.219878 1
0.034829 1
0.197750 1
0.412825 1
0.217091 1
0.184192 1
0.138628 1
0.113316 1
0.173526 1
0.256554 1
0.424154 1
0.148748 1
0.144686 1
0.142265 1
0.184040 1
0.130304 1
0.165349 1
0.220063 1
0.265149 1
1.781280 2
0.002586 9
0.028209 86
0.614034 1
0.244476 1
0.109252 1
0.132628 1
0.143039 1
0.182325 1
0.182071 1
0.143224 1
0.153674 1
0.197724 1
0.252558 1
0.238087 1
0.297011 1
0.137133 1
0.106593 1
0.175218 1
0.242693 1
0.143013 1
0.624606 2
0.000291 9
0.021931 108
0.001267 86
7.819357 1
0.177083 1
0.084095 1
0.130428 1
0.114166 1
0.192410 1
0.161611 1
0.175705 1
0.161901 1
0.557593 1
0.246748 1
0.172251 1
0.893413 1
0.182379 1
0.120975 1
0.161406 1
0.182077 1
0.136557 1
0.396091 1
0.264083 1
0.263623 1
0.828937 11
0.032487 8
0.000013 78
0.361122 21
0.300789 23
0.713156 11
0.010101 62
0.000527 86
25.171186 1
0.231169 1
0.083654 1
0.162745 1
0.178676 1
0.163687 1
0.197886 1
0.518298 1
0.171632 1
0.155114 1
0.143081 1
1.060243 1
0.433064 1
0.239279 1
0.155460 1
0.199549 1
0.182021 1
0.328817 4
0.153581 4
0.121737 1
0.196893 1
0.579991 1
0.512254 1
0.551001 4
0.092523 1
0.214422 1
0.652224 11
0.018691 102
0.002478 129
0.002015 86
21.563188 1
0.261434 1
0.141134 1
0.104852 1
0.482736 1
0.880825 1
0.265487 1
0.268657 1
0.286551 4
0.145731 4
0.069679 1
0.248698 1
0.147153 1
0.938852 1
0.620745 1
0.160186 1
0.217080 1
0.159910 1
0.118505 1
0.158609 1
0.158312 1
0.086143 1
0.169406 1
0.139772 1
0.123087 1
0.163278 1
0.191872 1
0.208005 1
0.345096 1
0.769081 4
0.133739 1
0.219235 1
0.339112 1
0.526130 1
0.561342 4
0.319830 2
0.000109 9
0.021190 29
0.005945 86
32.368271 1
0.278148 1
0.095894 1
0.131726 1
0.516734 1
0.306754 1
0.311003 1
0.322489 1
0.241208 1
0.345939 1
0.183301 1
0.226735 1
0.300452 1
0.435965 1
0.344947 1
0.403576 1
0.279109 1
0.351030 1
0.217075 1
0.232027 1
0.443501 1
0.851644 1
0.199330 1
0.195784 1
0.166990 1
0.276602 1
0.156151 1
0.217136 1
0.286370 1
0.275323 1
0.885567 1
0.251861 1
0.087158 1
0.190829 1
0.178253 1
0.107493 1
0.394133 1
0.429428 1
0.199749 1
0.180885 1
0.203703 1
0.166185 1
0.196230 1
0.231584 1
0.231332 1
0.683123 11
0.031010 141
0.005146 60
0.997655 1
0.282988 2
0.011079 61
0.000490 270
0.000203 61
0.000663 48
0.002148 54
0.052046 87
0.001125 14
0.035110 12
0.000239 4
0.001106 86
12.705068 1
0.267810 1
0.074743 1
0.375052 1
0.086135 1
0.921741 1
0.198579 1
0.215830 1
0.183497 1
0.139424 1
0.280925 1
0.131975 1
0.173136 1
0.121347 1
0.182497 1
0.132223 1
0.184037 1
0.228190 1
0.211224 1
0.275860 11
0.026125 110
0.000923 86
12.692393 1
0.243167 1
0.064423 1
0.159076 1
0.638843 1
0.314098 1
0.204446 1
0.179305 1
0.496318 1
0.119113 1
0.540553 1
0.373205 1
0.619620 1
0.285675 1
0.231727 1
2.528901 1
0.139451 1
0.142677 1
0.185635 1
0.119860 1
0.246355 1
0.378563 1
0.380109 1
0.962228 1
0.510538 1
0.028730 1
0.032093 1
0.019475 1
0.045898 1
0.031684 1
0.013703 1
0.359500 17
0.318681 2
0.000427 9
0.015445 29
0.001465 39
0.002664 86
339.376008 1
0.188185 1
0.107054 1
0.156991 1
0.457117 1
0.219511 1
0.154219 1
0.178025 1
0.145493 1
1.247041 1
0.308862 1
0.237752 1
0.707064 1
0.317042 1
0.241649 1
0.267733 1
0.168125 1
0.144810 1
0.153679 1
0.188837 1
0.117172 1
0.151312 1
0.213708 1
0.197510 1
0.281465 11
0.010302 29
0.008021 224
0.000572 1247
0.000209 286
0.000055 114
0.002575 86
32.823423 1
0.210012 1
0.102397 1
0.139164 1
0.310758 1
0.271705 1
0.173459 1
0.099750 1
0.469272 1
0.107273 1
0.900878 1
0.285761 4
0.234958 1
0.718341 1
0.162546 1
0.176012 1
0.174096 1
0.134064 1
0.147517 1
0.213488 1
0.232556 1
0.228611 1
0.195290 1
0.086030 1
0.458340 1
0.470674 1
10.654389 1
0.074285 1
0.243404 1
0.159734 1
0.862248 1
0.326232 1
0.293175 1
0.856327 1
4.330336 1
0.342348 4
0.142923 1
0.217841 1
0.220637 1
0.213367 1
0.388335 1
0.276844 4
0.121583 4
0.206988 1
0.079199 1
0.304321 1
0.916970 1
0.198545 1
0.225634 1
0.210332 1
0.198402 1
0.087405 1
0.144216 1
0.307713 1
0.553595 1
0.109731 1
0.103945 1
0.238381 1
0.190612 1
0.218695 1
0.214081 1
0.175738 1
0.335596 11
1.030148 80
0.543465 126
0.021214 168
0.008133 86
3.416184 1
0.415809 1
0.293116 1
0.127608 1
0.328937 1
0.430607 11
0.024461 44
0.000810 1212
0.000117 8
0.000040 78
157.553494 5
0.168577 59
1.710046 81
0.231186 8
1.072292 1
10.766836 1
0.332822 4
6.050286 1
0.503918 4
0.142606 1
0.156053 1
0.075038 1
0.149825 1
0.107695 1
0.228677 1
0.135395 1
0.356337 1
0.243504 1
0.216004 1
0.216289 1
0.220154 1
0.564568 1
0.379423 1
0.133273 1
0.158137 1
0.166790 1
0.227278 1
0.232638 1
0.211490 1
0.221791 1
0.298978 2
0.000084 9
2.598565 94
617.534210 2
0.148700 88
6.501809 21
0.237210 29
0.407659 26
0.367713 11
2.047371 94
5.376293 8
0.001728 78
0.061971 2
0.000028 9
0.000259 8
0.000061 9
0.006798 2
0.000130 8
0.000029 78
1.266638 2
0.167179 2
0.286255 2
0.140186 1
0.244745 4
0.178570 4
0.143177 4
0.116571 4
0.129992 1
0.479763 1
0.097180 1
0.264092 1
0.158713 1
0.326229 1
0.405907 1
0.288039 1
0.164778 1
0.163449 1
0.103033 1
0.337764 1
0.172260 1
0.392128 1
0.520480 4
0.147026 1
0.111063 1
0.300190 1
0.737145 1
0.447669 1
0.046639 1
0.299581 1
2.011552 11
0.049163 70
0.001361 228
0.016577 250
0.000142 70
0.006114 50
4.194502 1
11.828459 11
0.003785 97
0.000253 202
8.993279 1
8.495587 81
0.817430 1
2.437646 92
0.654054 1
0.539544 1
0.126954 1
0.218730 1
0.177884 1
2.870839 16
0.000254 147
1.343873 1
0.301950 1
0.278980 1
0.550712 4
0.198542 1
1.527698 82
0.000099 81
7.632522 116
2.531946 1
0.344714 1
0.569454 1
1.415766 11
0.000363 100
0.000286 2
0.029099 52
7.310490 1
0.765303 2
0.000251 17
0.000102 62
0.534677 1
0.368982 19
0.000105 81
2.597701 11
0.000020 109
1.011734 114
0.025325 52
5.417160 1
0.275116 849
22.544001 88
5.144430 1
0.354894 11
0.000970 2
0.004490 86
0.921471 19
0.332082 52
0.551538 29
0.322831 59
0.292362 112
0.312454 68
0.320953 1
0.505688 1
0.026252 1
0.035654 1
0.024718 1
0.034801 1
0.026680 1
0.029878 1
0.030994 1
0.029305 1
0.026576 1
0.040790 1
0.028577 1
0.030021 1
0.025181 1
0.032184 1
0.024023 1
0.030451 1
0.028813 1
0.031925 1
0.034962 1
0.031825 1
0.032165 1
0.033693 1
0.025013 1
0.023801 1
0.030505 1
0.026692 1
0.029219 1
0.030097 1
0.033139 1
0.031559 1
0.025130 1
0.030225 1
0.032368 1
0.031571 1
0.031791 1
0.028201 1
0.269701 3
0.189837 3
0.181174 3
0.192112 5
1.306331 11
0.018521 108
0.005031 86
3.148965 55
0.220457 105
0.465286 52
0.559766 52
1.230951 11
0.020926 5
0.000069 2
0.000679 291
0.018206 250
0.000661 70
0.000339 50
1.561792 1
0.233508 472
0.000025 8
0.000067 42
7.445202 1
1.454092 310
0.551665 1
1.682353 81
0.469286 1
0.257522 92
5.534785 116
1.262699 1
0.220403 1
0.304437 4
0.172588 1
0.181095 1
0.892812 1
2.263883 114
0.020996 52
5.046506 1
1.581426 11
0.002253 70
0.812423 1
0.232490 11
0.001607 89
2.825876 2
0.000023 9
0.000314 8
0.000020 101
0.779105 1
0.190502 1
0.300125 4
0.169480 4
0.253150 1
0.193357 1
0.170217 1
0.507164 1
0.727342 13
0.000419 101
0.029135 10
0.000405 42
1.348490 1
0.238026 2
0.002422 847
5.245630 1
0.264790 11
0.033968 60
0.009400 97
0.030605 46
0.003124 2
0.008105 86
1.625244 19
0.221942 64
1.050685 11
1.260898 1
0.000014 78
1.003768 80
0.819417 43
0.001608 83
0.097628 169
0.057282 8
0.000167 78
29.238744 1
0.206903 1
0.059477 1
0.193671 1
0.168843 1
0.295648 1
0.948001 1
0.195808 1
0.214589 1
0.190441 1
1.007777 1
0.293194 1
0.091007 1
0.169893 1
0.273401 1
0.359413 4
0.096304 1
0.166892 1
0.140959 1
0.212962 1
0.198160 1
0.250830 1
0.241674 2
0.017484 9
0.056272 60
0.002070 8
0.000055 78
0.976941 20
0.623337 4
0.113788 1
0.189008 11
0.031931 86
6.954109 20
0.227939 2
0.237140 65
0.292751 105
0.673602 64
0.378257 105
0.471256 11
0.032575 70
0.001118 228
0.023488 2
0.004293 50
30.555029 11
0.007067 8
0.000407 78
0.406652 19
0.254238 29
0.309158 33
0.566592 11
0.029560 298
0.024985 2
0.000132 8
0.000659 42
6.772454 2
0.257524 114
1.507021 1
0.312178 2
0.000053 9
0.000905 840
4.528933 1
0.728130 79
0.432554 1
0.374364 102
3.877822 1
0.425947 2
0.002862 42
0.000070 91
0.508734 1
1.440377 4
1.646181 1
0.737017 4
0.428949 1
0.259957 11
0.000120 112
0.000174 425
0.985250 1
1.539642 11
0.000811 151
2.789942 1
0.414333 81
0.725859 1
0.294422 92
1.846118 11
0.000133 8
0.000157 97
2.752160 1
0.217270 1
1.097644 4
0.151322 4
0.187318 1
0.169699 1
0.111917 1
0.562982 1
0.384854 2
0.000481 11
0.000193 99
0.000083 2
0.023104 52
2.576315 1
0.488652 4
0.433255 1
0.359115 19
0.000094 62
0.643419 1
0.246574 19
0.000124 81
1.925913 11
0.000415 109
1.276507 1
0.236218 1
1.201872 4
0.141600 4
0.237849 1
0.227745 1
0.206524 1
0.420099 1
0.762217 11
0.000690 103
0.019768 52
1.599198 1
0.720162 11
0.012869 60
0.012883 97
0.017427 44
0.000068 2
0.005937 2
0.008818 86
0.352506 1
0.630212 4
0.401710 19
0.222827 29
0.209301 2
0.310997 65
1.061095 2
0.000609 9
1.289545 79
1.014513 80
0.733966 126
0.074792 39
0.001590 130
0.004353 8
0.000283 78
55.289233 1
0.205978 1
0.115702 1
0.125415 1
0.380059 1
0.157039 1
0.182142 1
0.141232 1
0.095852 1
0.139495 1
0.211595 1
0.122971 1
0.399336 1
0.195753 1
0.130105 1
0.637079 1
0.508716 1
0.117882 1
0.136322 1
0.306301 4
0.179570 1
0.228579 1
0.465980 1
0.902100 11
0.042972 86
0.339355 1
0.460910 4
1.470474 21
0.554531 4
0.101722 1
1.292644 11
0.026074 86
0.441446 21
0.398132 4
0.506097 4
0.024133 4
0.040541 4
0.019860 4
0.039653 4
0.033425 4
0.039945 4
0.007179 4
0.030239 4
0.030672 4
0.031582 4
0.028986 4
0.128136 4
0.196528 4
0.177473 4
0.390047 1
0.206579 1
0.215895 1
0.165461 1
0.116555 1
0.564365 1
0.362124 1
0.391007 1
0.250729 1
0.213342 1
0.288000 4
0.163005 4
0.129833 4
0.146006 1
0.078938 1
0.317906 1
0.199969 1
0.368691 1
0.240352 1
0.226078 1
1.351687 1
0.261840 1
0.260392 1
0.354732 1
0.200308 1
0.096381 1
0.741100 1
0.452481 1
0.198168 1
0.246337 1
0.201765 1
0.284188 1
0.759637 2
0.000067 9
0.048530 203
0.002857 8
0.000729 78
8.166421 31
1.388046 4
0.229306 1
0.552729 1
0.504609 1
0.036871 1
0.026967 1
0.022894 1
0.040404 1
0.026307 1
0.021989 1
0.031669 1
0.226646 1
0.182404 1
0.415734 27
0.114364 23
0.278168 11
0.052946 205
0.003498 86
8.142657 1
0.250479 1
0.405516 1
0.214462 1
0.186120 1
0.576026 11
0.040104 126
0.000029 323
0.000279 8
0.000059 78
21.502670 1
0.148215 1
0.903989 1
0.208826 1
0.180205 1
0.313105 11
0.026560 44
0.000963 1290
0.000372 86
42.097525 5
3.133270 10
0.361678 36
1.209321 24
0.957690 11
0.048890 203
0.002519 86
30.977769 34
1.287350 53
1.164609 11
0.039922 28
0.021778 411
0.002933 54
0.061370 73
0.000061 10
0.005322 10
0.043277 12
0.001877 4
0.002217 86
0.846946 24
0.946497 4
0.180570 1
0.836195 11
0.016861 26
0.001872 2
0.001468 52
0.314416 26
0.000062 572
0.001899 8
0.000042 78
0.709218 24
0.185440 2
0.198575 43
0.778979 81
0.479323 36
0.504300 81
0.184946 10
0.568812 10
0.400008 36
1.271824 11
0.045259 86
1.328808 31
0.414657 47
0.462920 2
0.458979 43
0.698723 81
0.480289 10
0.379423 36
1.048738 11
0.061727 8
0.000096 78
0.846285 2
0.460999 4
1.239631 1
0.195767 1
0.350739 1
0.262672 1
0.165887 1
0.295699 11
0.004008 126
0.000763 465
0.000077 78
77.273305 1
0.220171 1
0.490799 4
0.502587 1
0.119094 1
0.229783 1
0.232965 1
0.195612 1
0.176277 1
0.185495 11
4.068486 15
0.000026 79
35.111451 1
0.110479 1
1.131587 3
0.172955 3
0.314862 2
0.140839 2
0.002576 86
2.182005 1
0.128732 1
0.220558 1
0.122422 1
0.185682 1
1.079087 11
0.012699 46
0.000068 1429
4.984099 83
0.009214 83
24.442549 83
0.000344 83
1.559560 1
0.255297 1
0.080673 1
0.145848 1
0.144024 1
0.254200 1
0.363469 1
0.253846 4
1.292443 1
0.144744 1
0.106133 1
0.129306 1
0.493139 1
0.213209 1
0.115484 1
0.163851 1
0.218982 1
0.311019 1
0.147174 1
0.208731 1
0.229112 1
3.850615 2
0.000059 9
0.032389 298
0.003598 178
0.000026 50
3.899378 1
2.647888 498
0.000104 133
0.000145 166
0.000738 54
0.883455 1
0.517446 278
39.070193 1
0.170412 1
0.084543 1
0.141258 1
0.121704 1
0.232861 1
1.157823 1
0.121854 1
0.115766 1
0.087444 1
0.950702 1
0.173468 1
0.159681 1
0.120901 1
0.216080 1
0.115668 1
0.174106 1
0.223031 1
0.243848 1
2.381270 11
0.001184 2
0.000085 95
0.000073 2
0.000090 95
0.000073 2
0.000087 93
0.000073 2
0.000089 52
0.000082 2
0.000108 5
0.000232 136
0.000081 4
0.000077 2
0.000082 2
0.000144 8
0.000571 42
0.617311 1
4.197664 79
7.744787 1
18.828341 11
0.000099 192
0.000148 4
0.000145 8
0.000070 42
71.466697 9
0.000333 8
0.000094 2
0.000082 69
8.592696 2
0.688958 4
1.029836 1
1.092222 4
0.307088 1
0.343650 11
0.000024 52
0.741288 1
0.231983 1
0.146144 1
0.103952 1
0.178513 1
0.148917 11
0.019032 105
0.000172 61
0.000047 101
0.000121 103
0.000110 191
0.003553 46
0.012130 2
0.003964 86
0.453120 1
0.632519 4
2.522656 1
0.094128 1
0.151285 1
0.549250 1
0.206755 1
0.216239 1
0.177657 1
0.243811 11
3.606439 94
0.409669 248
4.457846 442
39.124078 248
69.955472 248
4.861730 248
1.217589 59
4.186111 59
14.720948 86
2.203303 1
0.671281 8
0.197795 26
0.162694 27
0.162901 12
0.166587 16
0.206286 36
0.196685 24
0.236849 47
0.174317 2
0.200156 43
0.188861 81
0.180479 10
0.158275 36
0.432361 24
0.249921 45
0.204137 2
0.207611 66
0.188214 105
0.194826 29
0.189016 2
0.287734 2
0.353588 33
1.030682 11
0.020248 5
0.000128 63
0.000503 147
0.000090 83
0.024630 100
0.001156 70
0.000343 50
2.107589 1
0.191413 11
0.002518 151
2.545408 1
1.328551 4
8.380718 1
0.373625 548
3.562466 1
0.298350 81
0.583558 1
0.241454 11
0.000063 81
1.583598 2
0.000236 114
1.450529 1
0.257223 1
0.092521 1
0.510212 4
0.387698 1
0.261685 1
0.582627 2
0.000339 9
0.002926 2
0.000340 101
0.017544 134
2.992242 1
1.113824 13
0.000211 75
0.000129 12
0.000150 42
4.049401 1
0.308108 2
0.000064 17
0.000689 62
0.501729 1
0.230370 100
0.934294 120
0.821360 1
0.254037 1
0.405420 4
0.125282 1
0.194935 1
0.315603 1
0.406931 11
0.000031 103
0.026913 10
0.000122 42
3.259011 1
0.301061 11
0.025297 60
0.007560 97
0.012902 46
0.006552 2
0.007901 86
1.202167 19
1.239204 11
0.014261 5
0.000024 2
0.000076 61
0.000024 2
0.000059 145
0.000025 2
0.000052 77
0.000039 2
0.000043 2
0.012114 52
0.737781 1
0.250601 11
0.000107 78
0.006918 760
3.602129 1
0.355481 11
0.017416 60
0.004953 97
0.020008 46
0.004600 2
0.005900 8
0.001074 78
8.203552 1
0.213198 1
0.084697 1
0.189317 1
0.393890 1
0.936628 1
0.448408 1
0.156184 1
0.099719 1
0.114302 1
4.178535 1
0.213221 1
0.158806 1
0.140203 1
0.227304 1
0.121413 1
0.231618 1
0.235630 1
0.246346 1
2.095466 11
0.021632 5
0.000065 2
0.000082 61
0.000061 2
0.000732 228
0.038615 52
2.498504 1
2.391724 11
0.000455 70
0.959514 1
3.049044 11
0.000746 89
0.376728 1
0.261400 1
0.134536 1
0.159049 1
0.506114 171
6.075346 120
5.470139 1
0.256117 1
0.350957 1
1.087159 4
0.363307 1
0.753996 13
0.000068 100
0.024806 2
0.000294 8
0.000127 42
6.309786 1
2.241045 19
0.000093 60
1.133052 1
0.677978 19
0.000233 46
3.392197 1
0.231133 1
0.457179 13
0.002597 88
0.000060 54
7.328271 1
0.423252 920
92.516259 1
21.330348 81
5.067877 1
0.331919 80
0.002274 72
1.081500 1
3.301542 100
27.545401 120
13.515532 11
0.000444 102
0.015496 10
0.000167 42
0.990307 1
7.572139 1004
41.661048 1
0.492589 4
0.470814 1
0.307046 2
0.003346 87
0.000155 915
20.900211 88
1.343482 1
0.385872 63
0.559437 1
0.181885 11
0.012805 60
0.012170 97
0.018580 46
0.004457 2
0.004556 86
1.545568 1
0.177551 1
0.079658 1
0.150806 1
0.649973 1
0.204880 1
0.193729 1
0.140291 1
0.217905 1
0.206428 1
0.225714 1
0.278174 1
0.318969 1
0.281842 1
0.259993 1
0.393489 1
0.295469 1
0.393657 1
0.438801 1
0.113383 1
0.167702 1
0.238668 1
0.114893 1
0.256483 1
0.179106 1
0.426166 1
0.290867 1
0.234356 1
0.700556 1
0.293510 1
0.599690 4
0.158581 4
0.102556 1
0.193849 1
0.244545 1
0.314492 1
0.244334 1
0.314597 1
0.291847 1
0.251660 1
0.905442 11
0.022086 28
0.020389 248
0.000089 44
0.000573 57
0.000224 44
0.004535 54
0.047988 73
0.002108 10
0.000898 10
0.038458 16
0.003718 86
3.455134 36
0.364472 1
0.509877 1
0.022222 1
0.044905 1
0.013229 1
0.195664 3
0.224135 3
0.171548 3
0.151653 3
0.469940 3
0.384155 4
0.165553 1
0.292325 1
0.509963 1
0.020982 1
0.045411 1
0.032887 1
0.014439 1
0.048107 1
0.009399 1
0.105307 1
0.242681 1
0.234349 1
0.359012 3
0.394158 25
0.090130 21
2.231441 1
0.510396 1
0.023867 1
0.041982 1
0.032984 1
0.033250 1
0.031498 1
0.006662 1
0.029598 1
3.252883 2
0.000120 9
0.024468 28
0.015588 292
0.000254 57
0.000216 44
0.003174 54
0.044555 14
0.000027 64
0.001640 5
0.000418 5
0.000076 5
0.021588 16
0.002915 86
39.303907 1
0.238420 1
0.050314 1
0.233314 1
0.608829 1
0.274212 1
0.139834 1
0.200040 1
0.307733 1
0.336770 4
0.097399 1
0.184071 1
0.182947 1
0.173868 1
0.237813 11
2.164491 94
28.924759 1
0.235632 1
0.075291 1
0.161780 1
0.281238 1
0.389321 3
0.189864 3
0.149532 3
0.147578 3
0.128453 3
0.210348 2
0.109488 88
0.219899 1
0.132383 1
0.118323 1
0.161380 1
0.384403 1
0.204434 1
0.188960 1
0.942118 1
0.159474 1
0.168421 1
0.119758 1
0.313268 1
0.308080 1
0.255930 1
0.500937 1
0.154433 1
0.101491 1
0.160458 1
0.292862 1
0.188708 1
0.161306 1
0.194768 1
0.119980 1
0.690727 1
0.255408 1
0.057967 1
0.226667 1
0.174920 1
0.087625 1
5.972854 1
0.295082 1
0.133972 1
0.184739 1
0.201713 1
0.132033 1
0.357449 1
0.309217 4
0.146516 1
0.194888 1
0.265498 1
0.636081 1
1.321703 11
0.045869 132
0.008867 86
1.888279 1
0.638981 1
0.080345 1
0.172183 1
0.183434 1
0.236670 1
0.192908 1
0.168054 1
0.260240 1
0.210828 1
0.277121 1
0.544765 1
0.197570 1
0.326724 1
0.234902 1
0.318780 4
0.154037 4
0.096676 1
0.174740 1
0.196414 1
0.179815 1
0.380889 1
0.512960 1
0.469596 1
0.655552 1
0.620792 2
0.000062 9
0.037700 8
0.000246 78
3.526028 1
0.291008 1
0.175472 1
0.113576 1
0.184453 1
0.253390 1
0.434110 1
0.295513 1
0.126537 1
0.100261 1
0.274801 1
0.145691 1
0.117106 1
0.860690 11
0.010578 108
0.000171 86
37.047638 1
0.097636 1
0.237451 1
0.100324 1
0.172351 1
0.371961 11
0.010532 44
0.001525 1419
0.000231 86
5.449516 83
0.011296 83
19.365085 83
2.185064 1
0.216084 1
0.075870 1
0.162694 1
0.127057 1
0.530123 1
0.547012 1
0.597706 1
0.119151 1
0.124391 1
0.555224 1
0.250578 1
0.257467 1
0.357937 1
0.207816 1
0.386911 4
0.287432 1
0.163736 1
0.187313 1
0.207207 1
0.221301 1
0.195342 1
0.226155 1
0.242088 1
11.266080 11
0.027635 941
0.002925 86
18.483902 1
0.498181 1
0.002819 1
0.000982 1
0.600211 1
0.249052 1
0.195889 1
0.291566 1
0.221573 1
0.243922 1
0.187256 1
0.171708 1
0.326231 1
0.090114 1
1.014913 1
0.228046 1
0.140842 1
0.146369 1
0.201798 1
0.149501 1
0.171251 1
0.218168 1
0.282006 1
4.578391 1
0.223971 1
1.241568 1
0.214319 1
0.108634 1
0.169423 1
0.179323 1
0.262886 1
0.488881 4
0.159019 4
0.250592 1
0.280656 1
0.280802 1
0.250614 1
0.104794 1
0.102228 1
0.189307 1
0.100382 1
8.441029 11
0.072313 474
0.007267 86
11.137955 1
0.223353 1
0.057644 1
0.172245 1
0.107254 1
0.189126 1
0.069353 1
0.233075 1
0.204465 1
0.193142 1
0.185319 1
0.152417 1
0.245767 1
0.091973 1
0.230665 1
0.179410 1
0.117897 1
0.141617 1
0.220506 1
0.285846 1
0.184991 1
0.221705 1
0.236999 1
0.325108 1
0.459273 1
0.321625 1
0.215571 1
0.079794 1
0.158174 1
0.508870 1
0.271434 1
0.681613 1
0.318534 1
0.307054 1
0.257953 1
0.573903 1
0.340457 1
0.122035 1
0.341633 11
0.077169 490
0.004039 86
0.998052 1
0.800850 4
26.939414 1
0.258435 1
0.070710 1
0.181756 1
0.246224 1
0.866758 1
0.229950 1
0.599913 1
0.380995 1
0.273667 1
0.175032 1
0.441740 1
0.264526 1
0.130727 1
0.170975 1
0.547750 1
0.541186 1
0.262462 1
0.260454 1
0.382300 1
0.575984 1
1.573536 11
0.022483 33
0.002895 86
7.271743 21
0.644862 4
0.218040 1
0.229526 11
0.019829 33
0.003033 86
13.029905 1
0.248654 1
0.080514 1
0.156076 1
0.249433 1
0.214303 1
0.198636 1
0.150149 1
0.210731 1
0.535994 1
0.428818 1
0.358222 1
0.801545 1
0.841176 1
0.421847 1
0.096723 1
0.308976 1
0.239829 1
0.300963 1
0.723223 1
0.340936 1
0.115492 1
0.158668 1
0.242349 1
0.227605 1
0.203544 1
0.284863 4
0.168524 4
0.125392 4
0.141960 1
0.192046 1
0.151246 1
0.107714 1
0.438313 1
0.970705 1
0.128879 1
0.308607 1
0.229134 1
0.486357 4
0.130751 4
0.091269 1
0.168077 1
0.196531 1
0.186534 1
0.327494 1
0.252095 1
0.350055 1
0.951677 1
1.404146 11
0.015946 4
0.000421 48
0.001359 86
1.879258 38
0.608156 1
0.504425 1
0.027516 1
0.038006 1
0.033155 1
0.030898 1
0.015537 1
0.038962 1
0.041485 1
0.011453 1
0.346977 1
0.503529 1
0.034845 1
0.031578 1
0.023791 1
0.040233 1
0.018621 1
0.029959 1
0.029950 1
0.028350 1
0.030281 1
0.029089 1
0.036583 1
0.030504 1
0.024375 1
0.031751 1
0.031134 1
4.443810 3
0.507131 3
0.024877 3
0.043169 3
0.033865 3
0.015514 3
0.030467 3
0.025753 3
0.029920 3
0.033692 3
0.032270 3
0.025530 3
0.034872 3
0.023925 3
0.034619 3
0.031771 3
0.030003 3
0.025566 3
0.029095 3
0.034539 3
0.027178 3
0.032984 3
0.027150 3
0.027400 3
0.029678 3
0.035324 3
0.024892 3
5.121723 1
0.508149 1
0.034922 1
0.032629 1
0.017735 1
0.037486 1
0.039926 1
0.032466 1
0.006460 1
0.145764 3
0.500029 3
0.031103 3
0.031206 3
0.027228 3
0.034874 3
0.031575 3
0.025763 3
0.027513 3
0.030054 1
0.029890 1
0.031826 1
0.030074 1
0.027790 1
0.273357 4
0.504965 4
0.025664 4
0.037649 4
0.022499 4
0.034660 4
0.030602 4
0.024685 4
0.034585 4
0.025553 4
0.036809 4
0.026543 4
0.028282 4
0.030326 4
0.028664 4
0.029188 4
0.029654 4
0.031025 4
0.029722 4
0.029079 4
0.032435 4
0.029156 4
0.034348 4
0.028533 4
0.028047 4
0.029500 4
0.028495 4
0.031518 4
0.027913 4
0.033586 4
0.028069 4
0.029386 4
0.029818 4
0.030589 4
0.031009 4
0.031135 4
0.027398 4
0.032314 4
0.027203 1
0.032378 1
0.028661 1
0.031511 1
0.028819 1
0.030670 1
0.028539 1
0.548181 1
0.119435 1
0.105173 1
0.109484 1
0.079804 1
0.162736 1
0.011039 1
0.649251 1
0.166149 1
0.134439 1
0.177455 1
0.076915 1
0.208713 1
0.165404 1
0.085937 1
0.140952 1
0.189064 1
0.216544 1
0.214436 1
0.168182 1
0.239816 1
0.495587 2
0.000696 9
0.094961 50
0.080627 112
0.001020 2
0.009473 132
0.046063 134
0.171962 154
0.000514 63
0.002410 75
1.424475 67
0.002408 86
2.731985 1
0.181668 1
0.081925 1
0.188214 1
0.159686 11
0.014260 175
37.059362 36
0.559106 102
0.000025 9
0.047793 50
0.019940 114
0.008670 66
0.003225 66
0.063164 134
0.240787 217
0.005036 75
0.026075 189
0.453995 196
0.150101 8
0.000034 78
22.920494 27
0.226100 80
0.387246 25
0.660271 28
0.259673 25
0.174905 49
0.730591 11
0.020322 4
0.000043 2
0.000035 44
0.000034 2
0.001666 86
2.278535 38
0.208803 1
0.501833 1
0.033172 1
0.027928 1
0.026636 1
0.036939 1
0.023091 1
0.040912 1
0.044687 1
0.005894 1
0.034498 1
0.024838 1
0.030434 1
0.029672 1
0.031302 1
0.030206 1
0.028472 1
0.029699 1
0.029855 1
0.031311 1
0.029447 1
0.039604 1
0.020545 1
0.043892 1
0.026074 1
0.026688 1
0.026571 1
0.026163 1
0.030662 1
0.031185 1
0.028987 1
0.205410 1
0.228995 1
0.414386 5
0.510679 5
0.019931 5
0.031172 5
0.044402 5
0.013780 1
0.041567 1
0.020373 1
0.029123 1
0.028679 1
0.215003 11
0.374330 144
0.032764 86
4.392148 1
0.170606 1
0.096345 1
0.331546 1
0.022562 1
0.082480 1
0.138673 1
0.187038 1
0.262134 1
0.155738 1
0.192351 1
0.079877 1
0.235991 1
0.204981 1
0.112371 1
0.157995 1
0.292075 1
0.787597 1
0.294874 1
0.297289 1
0.639912 1
0.731342 4
0.248981 1
0.122871 1
0.085817 1
0.134540 1
0.243178 1
0.752059 2
0.000836 9
0.040357 50
0.028914 114
0.009898 132
0.047649 134
0.167541 217
0.001530 75
0.268674 174
0.088153 79
0.004110 24
0.067743 194
0.000037 2
0.057920 58
0.001602 2
0.000226 193
0.560191 2
0.016146 29
0.000075 4
0.502541 33
0.325778 182
0.020821 74
0.029410 184
0.501166 81
0.057142 142
0.724711 16
0.082089 122
0.034041 40
0.000892 47
0.000020 87
0.000283 265
0.040067 44
0.034562 44
0.038392 44
0.024353 44
0.025631 44
0.024585 44
0.025640 44
0.028990 44
0.030236 44
0.146193 399
0.010715 122
0.005620 73
0.056028 122
0.049114 284
0.008602 64
0.132270 122
0.063543 80
0.010051 122
0.004702 122
0.006549 69
0.000147 2
0.007828 64
0.000414 56
0.000173 2
0.025563 56
1.593023 122
0.024810 82
0.919796 85
0.076494 92
0.060137 65
7.649124 150
1.834153 20
1.947960 86
3.412986 25
0.362580 58
2.795019 2
0.000555 9
0.015190 69
0.000326 8
0.000063 78
1.776115 33
0.241435 1
0.500407 1
0.030082 1
0.038847 1
0.032259 1
0.020477 1
0.028618 1
0.031108 1
0.031164 1
0.027580 1
0.030102 1
0.030010 1
0.031264 1
0.031811 1
0.044725 1
0.011352 1
0.030564 1
0.030708 1
0.042684 1
0.017775 1
0.028606 1
0.030550 1
0.029677 1
0.031230 1
0.029871 1
0.032533 1
0.031650 1
0.028968 1
0.026229 1
0.031732 1
0.030558 1
0.032808 1
0.029181 1
0.032457 1
0.022582 1
0.034620 1
0.029357 1
0.025588 1
0.031834 1
0.129398 5
0.299598 5
0.069137 5
0.260635 5
0.292423 5
0.618687 5
0.168655 5
0.423333 5
0.316172 5
0.307868 11
0.021479 718
0.086729 86
14.068092 38
0.224084 1
0.509024 1
0.021577 1
0.037340 1
0.033507 1
0.031113 1
0.020035 1
0.035186 1
0.023046 1
0.138866 1
0.455048 25
0.116313 21
0.213731 3
0.507879 3
0.026003 3
0.030346 3
0.034892 3
0.026360 3
0.026933 3
0.027888 3
0.030915 3
0.030681 3
0.578774 4
0.079580 1
1.402728 2
0.003677 9
0.021343 220
0.000746 498
0.076666 86
18.400845 1
0.270715 1
0.070193 1
0.167630 1
0.196935 1
0.193097 1
0.198302 1
0.128332 1
0.125796 1
0.107760 1
0.529039 1
0.181576 1
0.330701 1
0.402391 1
0.294319 1
0.148302 1
0.161935 1
0.589757 1
0.513595 1
0.157960 1
0.084911 1
0.122237 1
0.633826 1
10.287612 11
0.025080 86
0.633087 1
0.239018 1
0.080788 1
0.184634 1
0.221567 1
0.179914 1
0.184270 1
0.140851 1
0.152917 1
0.100874 1
0.544576 1
0.123324 1
0.426165 1
0.096269 1
0.290671 1
0.164474 1
0.113406 1
0.324591 1
0.167461 1
0.166013 1
0.408583 4
0.234138 1
0.086421 1
0.105824 1
0.384246 1
1.031835 11
0.023839 8
0.000174 78
3.582294 1
0.216941 1
0.123890 1
0.100413 1
0.420101 1
0.192451 1
0.227645 1
0.200420 1
0.173709 1
0.096143 1
0.206931 1
0.258149 1
0.149728 1
0.158704 1
0.213624 1
0.199102 1
0.157254 1
0.229757 1
0.242717 1
0.403107 1
0.616709 4
0.088484 1
1.031814 1
0.193244 1
0.271732 1
0.152203 1
0.329287 1
0.152700 1
0.127571 1
0.444340 1
0.310602 1
0.189566 1
0.092134 1
0.130288 1
0.179633 1
0.972189 11
0.325687 86
0.689280 33
0.321134 1
0.509659 1
0.022396 1
0.038929 1
0.023456 1
0.032079 1
0.030343 1
0.027488 1
0.026022 1
0.030801 1
0.033120 1
0.032663 1
0.031493 1
0.522487 31
0.097321 27
0.476381 3
0.508512 3
0.028136 3
0.024908 3
0.038795 3
0.025645 3
0.029548 3
0.051155 3
0.004778 3
0.030922 3
0.199869 3
0.206661 3
0.164698 3
0.321896 4
0.090567 1
5.074091 11
0.055522 8
0.000115 78
15.967810 1
0.001132 1
0.014974 1
0.122753 1
4.178483 1
0.342681 1
0.236786 1
0.236591 1
0.179048 1
0.081054 1
3.680888 1
0.178044 1
0.150878 1
0.184348 1
0.206624 1
0.355588 1
0.469616 1
0.382607 1
0.339021 1
0.817008 1
1.133573 4
0.134949 1
0.790653 11
0.035323 149
0.002994 8
0.000021 78
2.740057 1
0.199549 1
0.068965 1
0.162729 1
0.457236 1
0.342952 1
0.192724 1
0.204264 1
0.359043 1
0.152722 1
0.670393 1
0.140982 1
0.173407 1
0.157975 1
0.212553 1
0.168678 1
0.172761 1
0.265912 1
0.257567 1
0.512002 1
0.576706 4
0.112707 1
0.847493 11
0.038590 149
0.002487 86
15.462878 2
0.585768 1
0.251174 1
0.139644 1
0.293368 11
0.004030 187
0.000179 553
1.134035 2
12.657531 1
0.236594 1
0.075193 1
0.153188 1
0.203325 1
1.526585 4
0.513162 4
0.018189 4
0.030608 4
0.030655 4
0.032404 4
0.025042 1
0.030132 1
0.029897 1
0.029593 1
0.031549 1
0.031122 1
0.140841 1
0.202524 1
0.057670 1
0.163527 1
0.240045 1
0.807930 1
0.246336 1
0.204910 1
0.390990 1
0.223144 1
0.106888 1
3.720618 1
0.167401 1
0.399515 1
0.200005 1
0.216483 1
0.085134 1
0.134492 1
0.255084 1
0.390731 1
0.119228 1
0.114247 1
0.093612 1
0.428545 1
0.985761 2
0.000033 9
0.060150 8
0.000021 78
0.332839 24
0.379674 1
0.291743 3
0.316072 4
0.123721 1
0.424891 11
0.044317 8
0.000047 78
62.302288 1
0.276079 1
0.092996 1
0.156755 1
3.725501 1
0.541237 1
0.210537 1
0.200997 1
0.241735 1
0.176446 1
0.095743 1
1.254675 1
1.517893 1
0.206722 1
0.169775 1
0.205263 1
0.204941 1
0.219580 1
0.232277 1
0.251871 1
0.260662 1
1.144845 2
0.000578 9
0.024593 33
0.004512 86
0.400935 1
0.524847 4
0.770674 21
0.994306 4
0.309810 1
1.057794 11
0.022409 33
0.003109 8
0.001080 78
0.469106 21
0.748198 4
0.514907 1
0.355674 11
0.027110 33
0.003571 86
22.319075 1
0.315537 1
0.119265 1
0.225026 1
0.027673 1
0.139991 1
0.161055 1
0.241287 1
0.222285 1
0.227139 1
0.180546 1
0.092777 1
0.202505 1
0.130298 1
0.150060 1
0.254275 1
0.343183 1
0.176502 1
0.230205 1
0.253861 1
3.037732 11
0.056964 16
0.000035 158
0.000133 86
0.000244 9
4.280436 1
0.111011 1
0.212389 1
0.186805 1
0.108857 1
0.524035 11
0.031379 549
2.083110 1
0.215359 1
1.129883 1
2.209494 1
2.379229 11
0.000182 324
18.130156 115
1.211423 1
0.189145 1
0.209909 1
0.274649 11
1.851189 676
10.395205 1
0.166195 1
0.108183 1
0.225165 1
0.116104 1
0.182418 1
0.969359 11
0.012501 93
1.405040 1
0.181156 1
0.094974 1
0.114806 1
0.176395 11
2.285863 12
0.001039 664
1.617290 1
0.144380 1
0.142648 1
0.226498 1
0.084278 1
0.171729 1
0.179281 11
0.014778 93
2.107504 1
0.059331 1
0.557526 1
0.205547 1
0.090996 1
0.260437 11
0.002375 38
0.000040 433
5.249357 14
0.023181 14
9.469944 14
0.000678 14
12.933971 1
0.244818 1
0.373914 1
0.102280 1
0.223612 1
0.195200 1
0.092008 1
0.146565 1
0.209376 1
0.115586 1
0.122394 1
0.343776 314
3.493944 1
0.158971 1
0.103706 1
0.214305 1
0.070682 1
0.184982 1
0.255725 2
0.000149 441
2.073417 1
0.153935 1
0.188988 1
0.346659 11
2.179234 676
2.203417 1
0.256351 1
0.137947 1
0.390433 4
0.159362 4
0.152155 4
0.846696 1
0.166213 1
0.113004 1
0.211659 1
0.097169 1
0.163376 1
0.149848 11
0.011350 93
19.106701 1
0.207565 1
1.186025 1
0.069877 1
0.191663 1
0.188677 1
0.449733 1
0.187220 1
0.140989 1
0.222255 1
0.224368 1
0.210948 1
0.241943 1
0.107498 1
2.103506 1
0.248516 1
0.249057 1
0.217651 1
0.224181 1
0.097480 1
0.369453 1
0.390906 1
0.169611 1
0.153189 1
0.101704 1
0.356670 1
0.288564 1
1.293888 1
0.978100 1
0.194117 1
0.673531 1
0.641295 1
0.290865 1
0.654179 11
0.032076 93
1.714888 1
0.057536 1
0.141834 1
0.073494 1
0.356994 1
0.209365 1
0.185551 1
0.210255 1
0.251235 1
0.159479 1
0.148477 1
0.409427 1
0.251791 1
0.090777 1
0.221739 1
0.232239 1
0.327376 11
0.099579 93
0.483892 1
0.229441 1
0.521867 1
0.133563 1
0.199751 1
0.173199 1
0.158103 1
0.200161 1
0.352446 1
0.207994 1
0.194197 1
0.069938 1
0.189036 1
0.117244 1
0.750760 1
0.212558 1
0.242240 1
0.225574 1
0.223433 1
0.193936 1
0.393880 1
0.335161 4
0.182168 1
0.456404 1
0.463893 1
0.263596 1
0.143904 1
0.293355 1
0.941940 1
0.349542 1
0.328568 1
1.037257 11
0.037203 84
0.000108 9
0.461743 1
0.047102 1
0.152114 1
0.057895 1
0.161982 1
0.107222 1
0.106698 1
0.266719 1
0.281213 1
0.157539 1
0.149017 1
0.165281 1
0.497480 1
0.668686 11
0.075760 84
0.001481 9
0.347647 1
0.191796 1
0.251813 1
0.067588 1
0.237666 1
0.150718 1
0.309473 4
0.121285 1
0.798376 1
0.118517 1
0.118289 1
0.289001 1
0.199661 1
0.089324 1
0.180048 1
0.108713 1
0.587423 1
0.210569 1
0.235710 1
0.219688 1
0.205362 1
0.156944 1
0.311782 1
0.582961 1
0.278755 1
0.331148 1
1.153056 1
0.157879 1
0.179396 1
0.136516 1
0.819070 1
1.171372 11
0.051789 93
0.512757 1
0.067858 1
0.137060 1
0.098815 1
0.272794 1
0.277298 4
0.112618 1
0.140182 1
0.345085 1
0.457016 1
0.238461 1
0.133903 1
0.087993 1
0.121880 1
0.909584 1
0.428304 11
0.060035 93
0.297624 1
0.099125 1
0.164249 1
0.189514 1
0.091857 1
0.287329 49
0.000349 559
0.999971 2
0.472056 1
0.831743 1
0.509709 1
0.660255 3
0.257836 4
27.377006 2
0.000127 11
0.000968 78
0.009019 76
0.004599 86
13.097626 1
0.215139 1
0.099771 1
0.185013 1
0.785403 1
0.334414 1
0.182192 1
0.096237 1
0.179897 1
0.117500 1
0.106258 1
0.251189 1
0.344522 1
0.273381 1
0.392804 1
0.217564 1
0.138791 1
0.119399 1
0.933030 1
0.127191 1
0.191404 1
0.145077 1
0.113957 1
0.117634 1
0.168078 1
0.137180 1
0.175964 1
0.333844 1
0.351291 1
0.167055 1
0.248210 1
0.325977 1
0.438380 1
11.273157 11
0.021375 122
0.002233 86
5.921123 33
3.576011 76
1.210309 33
0.478043 1
0.505014 1
0.039944 1
0.016163 1
0.032532 1
0.323527 3
0.314551 3
0.197982 3
0.462341 3
9.046335 3
0.259590 4
0.154123 1
0.263932 11
0.025720 122
0.003309 86
0.709966 33
0.287966 4
0.094075 1
0.150951 2
0.000077 9
0.039553 126
0.013216 86
2.516790 1
0.243895 1
0.144103 1
0.116919 1
0.216931 1
0.234302 1
0.274584 1
0.365478 1
0.122161 1
0.069914 1
0.187681 1
0.226864 1
0.118283 1
0.229423 11
0.004381 36
0.000102 70
0.000474 2
0.000403 8
0.000132 78
47.021351 1
0.206438 1
0.062934 1
0.146752 1
0.165718 1
0.199020 1
0.206224 1
0.215818 1
0.217248 1
0.164649 1
0.269053 1
0.291583 1
0.544851 1
0.388380 1
0.630738 1
0.251639 1
0.854148 1
0.215107 1
0.101909 1
0.127314 1
0.360430 1
0.260711 1
0.247569 1
0.213992 1
1.410672 1
0.323588 1
0.121442 1
0.144446 1
0.208319 1
0.239072 1
0.414593 1
0.317278 1
0.249907 1
0.525073 1
0.290915 11
0.023749 120
0.002835 8
0.001150 78
8.570388 34
0.226465 1
0.503462 1
0.032969 1
0.034045 1
0.034450 1
0.033225 1
0.013602 1
0.048314 1
0.011700 1
0.029595 1
0.029533 1
0.030556 1
0.029098 1
0.030993 1
0.039144 1
0.019711 1
0.033983 1
0.030758 1
0.025960 1
0.031169 1
0.031238 1
0.871135 9
0.135847 5
0.176370 5
0.243460 9
0.597608 11
0.018972 717
0.046944 86
7.659064 1
0.241549 1
0.261592 1
0.857181 4
0.183007 1
0.183381 1
0.419781 1
0.206034 1
0.496204 4
0.137672 1
0.796188 1
0.700929 1
0.058452 1
0.581826 1
0.046852 1
0.196982 1
0.383752 1
0.243667 1
1.240424 1
0.245810 1
1.001759 1
0.339490 1
0.203991 1
0.136744 1
0.210082 1
0.461023 1
0.965273 1
0.211982 1
0.137415 1
0.226511 1
0.205050 1
0.193152 1
0.212036 1
0.236738 1
0.286501 1
0.372261 11
0.215232 233
0.011589 86
4.885735 1
0.168724 1
0.091291 1
0.171312 1
0.096091 1
0.133787 1
0.106804 1
0.113092 1
0.139419 1
0.112631 1
0.201866 1
0.068241 1
0.195788 1
0.177055 1
0.095794 1
0.142072 1
0.130336 1
0.712661 1
0.158876 1
0.179459 1
0.203307 1
0.188982 1
0.240027 1
0.183168 1
0.269406 11
0.028072 50
0.069031 246
0.023913 134
0.170835 217
0.003136 75
0.219956 70
0.002619 8
0.000010 78
2.430078 24
3.438617 4
0.499573 4
0.030087 4
0.030171 4
0.044251 4
0.021423 4
0.026556 4
0.028415 4
0.030765 4
0.031618 4
0.029125 4
0.033726 4
0.029717 4
0.023742 4
0.031652 4
0.032087 4
0.028096 4
0.028682 4
0.037113 4
0.024255 4
0.037926 4
0.022268 4
0.035496 4
0.022443 4
0.036813 1
0.024438 1
0.029302 1
0.032491 1
0.030782 1
0.026626 1
0.031356 1
0.031893 1
0.028310 1
0.029762 1
0.036858 1
0.025582 1
0.026372 1
0.030764 1
0.031161 1
0.028857 1
0.031571 1
0.028610 1
0.035039 1
1.367881 31
0.309828 1
0.500426 1
0.030763 1
0.032118 1
0.031847 1
0.031535 1
0.027689 1
0.026300 1
0.030248 1
0.030908 1
0.030914 1
0.030803 1
0.028972 1
0.032239 1
0.025942 1
0.033971 1
0.028627 1
0.027733 1
0.029407 1
0.032025 1
0.031166 1
0.031811 1
0.029047 1
0.029347 1
0.033573 1
0.026795 1
0.026742 1
0.033124 1
0.030198 1
0.026889 1
0.028640 1
0.033679 1
0.027293 1
0.033242 1
0.030081 1
0.026976 1
0.033654 1
0.028137 1
0.028256 1
0.030609 1
0.033146 1
0.026839 1
0.029509 1
0.029132 1
0.030148 1
0.728042 5
0.282592 5
0.061540 5
0.166506 5
0.084604 5
0.213437 5
0.284626 5
0.432113 5
0.140509 5
0.204088 5
0.158750 5
0.875313 11
0.014771 49
0.000683 86
3.491179 42
0.212520 1
0.508099 1
0.035251 1
0.030236 1
0.017599 1
0.039186 1
0.026454 1
0.024260 1
0.029149 1
0.031257 1
0.034963 1
0.028196 1
0.035981 1
0.020959 1
0.029318 1
0.031527 1
0.031473 1
0.026346 1
0.030166 1
0.030378 1
0.037468 1
0.031192 1
0.028551 1
0.037302 1
0.033545 1
0.033503 1
0.014441 1
0.041177 1
0.011842 1
0.032773 1
0.029237 1
0.030447 1
0.028595 1
0.029065 1
0.032159 1
0.032087 1
0.031970 1
0.025505 1
0.028899 1
0.030155 1
0.221892 3
0.200824 3
0.164647 3
0.392879 5
0.506588 5
0.039449 5
0.015729 5
0.039160 5
0.019325 1
0.031377 1
0.031450 1
0.026868 1
0.030415 1
0.029954 1
2.569268 11
0.171536 232
0.016733 8
0.000086 78
2.343170 37
1.399701 76
0.562815 1
0.236596 1
0.069255 1
0.150331 1
0.118642 1
0.118251 1
0.147776 1
0.160173 1
0.494002 1
0.238782 1
0.224891 1
0.079925 1
0.218519 1
0.212094 1
0.136938 1
0.163937 1
0.320808 1
0.812751 1
0.388755 1
0.281115 1
0.625722 1
0.256385 1
0.139444 1
0.249720 1
0.517771 1
0.463550 1
0.214212 1
0.185503 1
0.180505 1
0.182219 1
0.098592 1
0.352656 11
0.031259 50
0.032788 114
0.010007 132
0.047696 134
0.173339 217
0.002468 75
0.244547 97
0.002791 175
0.071093 79
0.001062 88
0.052276 196
0.051763 214
0.000071 43
0.534924 2
0.014666 33
0.358469 145
0.000046 53
0.241692 50
0.000205 27
0.114588 196
0.020577 253
0.161016 220
0.503157 101
0.220044 269
0.000127 4
0.356632 260
0.000062 39
0.012559 151
0.476363 16
0.085823 559
0.000255 44
0.007564 44
0.016440 44
0.002100 44
0.002286 44
0.002358 44
0.002147 44
0.008101 44
0.004159 44
0.032604 180
0.004933 99
0.000106 122
0.011422 64
0.000025 56
0.000009 2
0.006369 71
0.030711 120
0.000069 2
0.034222 78
0.014345 160
0.000125 60
0.007885 70
0.036484 122
0.048573 172
0.000060 122
0.005404 68
0.039007 122
0.036921 78
0.016199 220
0.008559 70
0.080797 122
0.050534 78
0.006647 220
0.007452 70
0.224976 122
0.039670 162
0.001172 122
0.009935 61
0.000409 2
0.036346 122
0.132967 78
0.016976 122
0.004553 122
0.004190 77
0.010657 122
0.005078 122
0.003744 77
0.003244 122
0.002655 122
0.003568 75
0.003034 122
0.002554 64
0.000089 58
0.006895 77
0.034658 122
0.011143 62
0.010186 62
8.344493 141
0.293893 118
0.001045 2
0.147137 139
0.001968 132
0.167861 120
0.151434 120
0.129824 140
0.182947 122
0.133579 113
1.475654 72
0.000185 2
0.176535 122
0.005012 70
0.011929 122
1.612120 93
0.000397 118
1.432741 120
0.000135 2
0.014837 82
1.964948 85
0.181827 2
0.000194 15
0.000313 3
1.512969 86
1.484315 31
0.947864 110
1.356516 1
0.503092 1
0.036223 1
0.029531 1
0.025234 1
0.034609 1
0.023723 1
0.027998 1
0.029740 1
0.030793 1
0.033787 1
0.025846 1
0.039603 1
0.032544 1
0.019896 1
0.028578 1
0.036954 1
0.040991 1
0.012867 1
0.031404 1
0.026769 1
0.035352 1
0.026755 1
0.039955 1
0.032976 1
0.022497 1
0.034487 1
0.025548 1
0.023751 1
0.029239 1
0.030464 1
0.029239 1
0.037686 1
0.032781 1
0.033295 1
0.033345 1
0.013468 1
0.031273 1
0.029008 1
0.029636 1
0.029767 1
0.030336 1
0.029699 1
0.067050 5
0.204109 5
0.089191 5
0.159527 5
0.097529 5
0.343605 11
0.140874 8
0.000333 78
17.655670 1
0.229047 1
0.068474 1
0.146878 1
0.092048 1
0.169887 1
0.179418 1
0.117823 1
0.116945 1
0.101541 1
0.590642 1
0.207267 1
0.316413 1
0.095350 1
0.162982 1
0.211660 1
0.358659 4
0.155157 4
0.140426 1
0.128047 1
0.120344 1
0.688477 1
0.300753 1
0.715456 1
0.161229 1
0.080318 1
0.114136 1
6.231980 1
1.734164 11
0.023632 86
0.715169 1
0.280530 1
0.057373 1
0.176613 1
0.209154 1
0.214720 1
0.181514 1
0.106927 1
0.124033 1
0.106837 1
0.214899 1
0.196896 1
0.269914 1
0.087939 1
0.194823 1
0.375670 1
0.380781 4
0.163057 4
0.849688 1
0.116004 1
0.120179 1
0.932371 1
0.331373 1
3.241081 1
0.084190 1
0.163735 1
0.106740 1
0.355630 1
0.751931 2
0.000074 9
0.022790 86
1.293806 24
0.320127 4
0.500346 4
0.035343 4
0.032778 4
0.043694 4
0.008902 4
0.055049 4
0.004156 4
0.030559 4
0.029908 4
0.030258 4
0.029211 4
0.030706 4
0.030240 4
0.031145 4
0.029816 4
0.030911 4
0.027150 4
0.341485 4
0.460620 1
0.221409 1
0.212044 1
0.194792 1
0.091618 1
0.569382 1
0.142699 1
0.128163 1
0.169393 1
0.233795 1
0.368252 1
0.169813 1
0.217434 1
0.240819 1
0.737848 1
0.234512 1
0.291421 1
0.325512 1
0.126793 1
0.190801 1
0.127387 1
0.146415 1
0.640799 1
0.202619 1
0.308936 1
0.179235 1
0.089565 1
0.119282 1
0.426848 1
0.562293 11
0.042701 86
4.235284 1
0.193746 1
0.079331 1
0.156966 1
0.087337 1
0.219265 1
0.240538 1
0.201068 1
0.969969 1
0.192421 1
0.200581 1
0.220872 1
0.173990 1
0.245266 1
0.201769 1
0.201768 1
0.186287 1
0.126732 1
0.195991 1
0.208709 1
0.203102 1
0.194915 1
0.107589 1
0.293706 4
0.169147 4
0.168041 4
0.299070 4
0.374752 1
0.190697 1
0.174191 1
0.084532 1
1.480042 1
0.330076 1
0.318039 1
0.114050 1
0.265755 1
0.137191 1
0.136121 1
0.325843 1
0.549901 1
0.268937 1
0.082387 1
0.111776 1
0.087324 1
1.546785 1
0.939796 1
0.201036 1
0.262029 1
0.383121 1
0.297119 1
0.342750 1
0.231204 1
0.390074 1
1.232237 1
0.189837 1
0.343620 1
0.279433 1
0.395427 11
0.069204 86
28.082377 1
0.185467 1
0.098064 1
0.176619 1
1.201728 1
0.320761 1
0.162731 1
0.198165 1
0.184356 1
1.128981 1
2.010714 1
0.623657 1
0.354426 1
0.217798 1
0.615998 4
0.186455 4
0.217802 1
0.180969 1
0.224743 1
0.316768 1
0.521955 1
0.782576 1
0.351780 1
0.770920 1
1.393856 11
0.022476 100
0.003745 86
2.272962 1
1.335997 1
0.184152 1
0.125748 1
0.813908 1
0.288422 1
0.273403 1
0.249128 1
1.736139 1
0.319571 1
0.246557 1
0.436666 1
0.241811 1
1.691733 1
0.301973 1
0.321355 1
0.141814 1
0.239195 1
0.173197 1
0.147011 1
1.661899 1
6.472692 1
0.860199 1
0.199979 1
0.078466 1
0.116323 1
1.024288 1
0.799258 11
0.047671 60
0.003789 86
94.011876 1
0.362433 1
0.208512 1
0.324044 1
0.221344 1
0.249076 1
0.939658 1
0.339368 11
3.693092 94
46.872321 2
0.137624 10
0.003357 78
1.224195 1
0.258443 1
0.185859 1
0.420629 1
0.600205 4
0.568005 4
1.472418 1
0.206499 1
0.611429 11
0.194778 238
0.017821 86
2.018255 1
0.089767 1
0.581039 1
0.474207 1
0.248260 1
1.040906 4
0.195123 4
0.675840 1
0.220786 1
0.533860 11
0.010689 44
0.000612 2
0.000021 151
0.000439 805
0.000513 470
0.001498 86
14.972867 1
0.302447 1
0.283845 1
0.188727 1
0.566931 1
0.197733 11
0.005706 586
0.000420 86
29.776465 5
0.245837 10
0.510856 11
0.028825 11
0.032380 34
0.033646 41
0.014128 59
0.030185 122
0.030014 51
0.031727 2
0.029564 56
0.033470 119
0.551125 63
0.252883 112
1.301544 2
0.419478 46
4.817176 11
0.020657 64
0.002636 86
3.023472 34
1.245898 1
0.502997 1
0.032069 1
0.035421 1
0.034384 1
0.019729 1
0.031833 1
0.026965 1
0.145158 1
0.210482 1
0.171229 1
0.175025 1
0.167936 1
0.163981 1
0.923190 33
0.112455 29
0.483099 11
0.026974 168
0.002836 86
3.989959 34
0.752907 58
0.255698 81
0.578823 11
0.002781 376
0.000377 296
1.172644 5
0.195438 39
0.197062 58
1.116151 81
0.545089 10
0.427713 11
0.206799 11
0.232682 34
0.193715 41
0.424506 59
0.678500 108
1.209145 59
1.918146 122
2.080102 51
0.474807 2
0.375768 56
0.826430 112
1.462531 2
0.777328 46
0.857798 11
0.024726 64
0.003482 86
4.922056 1
0.160249 1
0.132626 1
0.193524 1
0.184169 1
0.195215 1
0.717041 1
0.880393 41
0.345502 1
0.507832 1
0.033327 1
0.025262 1
0.038540 1
0.018990 1
0.034964 1
0.024907 1
0.026638 1
0.031618 1
0.031766 1
0.026565 1
0.038193 1
0.021648 1
0.678234 33
0.102021 29
0.449801 11
0.028932 174
0.003447 86
19.952252 1
0.238714 1
0.166272 1
0.079857 1
0.114231 1
0.123409 1
0.244710 1
0.334082 4
0.318816 1
0.085211 1
0.132831 1
0.170896 1
0.087040 1
0.159296 1
0.206415 1
0.262042 1
0.267766 2
0.000819 9
0.011533 395
0.000439 78
1.762069 14
0.220874 1
0.508779 1
0.024907 1
0.027935 1
0.029851 1
0.029002 1
0.036687 1
0.023694 1
0.029479 1
0.033530 1
0.032924 1
0.025737 1
0.030561 1
0.033132 1
0.029789 1
0.026318 1
0.034605 1
0.024863 1
0.029857 1
0.068024 5
0.278189 5
0.072945 5
0.150893 5
0.091657 5
0.278577 11
0.023516 298
0.003118 178
0.000630 50
2.255587 1
0.175115 11
0.001716 2
0.000033 151
1.741108 1
0.502917 81
0.764355 1
1.045805 4
0.746401 1
0.678469 4
0.143214 1
0.430946 92
1.062193 116
1.318289 1
0.619810 1
0.833527 1
0.144036 1
0.129067 1
0.501139 4
0.303265 4
0.590206 13
0.000161 98
0.000077 2
0.026505 5
0.000110 57
0.000150 8
0.000181 64
4.791071 1
0.456776 142
1.844309 1
0.186277 11
0.024197 166
0.000283 111
0.000017 35
0.000045 55
0.000074 197
0.000008 2
0.000843 46
0.013376 2
0.008067 86
0.883769 19
0.193033 65
0.238421 48
0.241744 58
0.932724 1
0.500004 1
0.032168 1
0.031354 1
0.026118 1
0.042687 1
0.020903 1
0.032694 1
0.025433 1
0.030784 1
0.031030 1
0.027082 1
0.040018 1
0.022773 1
0.665782 33
0.242993 29
1.141386 3
0.601815 11
0.022717 139
0.002905 8
0.000354 78
1.912543 34
0.701142 4
0.501495 4
0.035755 4
0.032306 4
0.021888 4
0.036979 4
0.027160 4
0.025022 4
0.029815 4
0.034059 4
0.033157 4
0.023088 4
0.029372 4
0.030904 4
0.032060 4
0.032592 4
0.028165 4
0.026711 4
0.030329 4
0.030177 4
0.034043 4
0.033451 4
0.032745 4
0.019055 4
0.029966 4
0.037995 4
0.023667 4
0.030199 4
0.030358 4
0.027999 4
0.032566 4
0.030750 4
0.026543 4
0.035070 4
0.034092 1
0.020892 1
0.032415 1
0.232439 19
0.811563 11
0.022647 298
0.002405 178
0.000452 50
1.186216 1
0.237455 11
0.000098 82
0.000425 198
0.000042 130
0.000016 77
0.000138 2
0.000141 207
0.000011 2
0.000149 50
7.497484 11
0.002858 86
0.345722 1
0.096702 1
0.235885 1
0.209476 1
0.189023 1
0.179778 1
0.176824 1
0.155100 11
3.396367 15
0.000027 79
4.967731 2
0.001952 88
0.899865 1
0.190992 1
0.186651 1
0.147454 1
0.138367 1
0.156611 11
0.006266 189
0.000030 260
0.000079 135
0.000011 2
0.000943 8
0.000043 78
5.671934 5
0.329488 12
0.394659 26
0.515019 22
0.600062 19
0.630752 65
0.520304 48
1.483145 11
0.027719 174
0.002275 86
43.490262 34
1.719519 59
0.308722 81
0.458327 39
0.256137 1
0.521109 1
0.020649 1
0.018111 1
0.055655 1
0.003686 1
0.032135 1
0.028462 1
0.031755 1
0.031484 1
0.029929 1
0.040398 1
0.016933 1
0.031018 1
0.603971 33
0.115475 29
0.366602 11
0.012714 7
0.000281 57
0.000053 75
0.003312 86
3.758940 2
0.189628 5
0.163599 1
0.429279 34
0.571487 51
0.500975 1
0.215646 3
0.137318 3
0.637977 1
0.338405 7
0.147100 3
0.416818 2
0.000251 9
0.035305 28
0.000752 62
0.003020 86
8.272864 33
0.612415 51
0.627686 1
0.279799 2
0.003622 9
0.029249 113
0.002555 86
23.427277 1
0.269624 1
0.085387 1
0.136012 1
0.108248 1
0.420731 1
0.217874 1
0.163253 1
0.182357 1
0.125750 1
2.972824 1
0.150520 1
0.361011 1
0.272188 1
0.247491 1
0.479621 4
0.137252 4
0.133002 4
0.122472 1
0.152922 1
0.215667 1
0.134073 1
0.205807 1
0.212830 1
0.246661 1
0.329418 1
0.642485 1
0.300160 4
0.184713 1
0.174319 1
0.317590 1
0.125543 1
0.166318 1
0.103244 1
0.121805 1
0.291654 1
0.179099 1
0.485088 4
0.235061 1
0.438615 1
0.162598 1
0.115727 1
0.102719 1
0.198190 1
0.342622 11
0.018391 174
0.002045 86
93.443262 1
0.352072 1
0.108488 1
0.454928 4
0.174738 4
0.172390 4
0.763093 1
0.089467 1
0.165577 1
0.069934 1
10.503926 4
0.155647 4
0.145138 4
0.158078 4
0.527714 337
0.514466 319
0.018572 112
0.020449 28
0.000844 80
0.043184 174
0.002816 8
0.000322 78
8.104370 33
0.459865 59
0.031899 112
0.001805 8
0.000072 78
18.398668 26
0.305247 34
0.000017 2
0.000026 9
0.010484 8
0.000092 78
9.128804 30
0.779871 42
0.003097 11
0.022696 33
0.003529 86
1.228698 21
1.248705 4
0.393850 1
0.791379 4
0.502160 4
0.028553 4
0.030902 4
0.028393 4
0.032319 4
0.033230 4
0.044318 4
0.010991 4
0.029206 4
0.030519 4
0.036867 4
0.033527 4
0.025208 4
0.034598 4
0.018840 4
0.039591 4
0.021906 4
0.029775 4
0.029927 4
0.030904 4
0.027084 1
0.048216 1
0.013975 1
0.031768 1
0.028008 1
0.033460 1
0.187406 1
0.307873 1
0.187148 1
0.182361 1
0.244817 11
0.005412 586
0.001119 86
1.066312 5
3.135584 26
0.435146 42
0.449702 38
0.472571 4
0.641422 1
2.693458 11
0.021373 33
0.002364 86
0.932501 21
1.529526 29
0.352619 26
0.235060 42
0.592077 41
0.513304 48
1.423737 1
0.504842 1
0.030724 1
0.033556 1
0.022113 1
0.035189 1
0.023097 1
0.031050 1
0.030077 1
0.032573 1
0.029867 1
0.037504 1
0.213450 1
0.194984 1
0.303137 33
0.111443 29
0.202474 11
0.034534 168
0.002333 86
5.992218 34
0.761076 76
0.404531 34
0.588607 50
0.880788 45
0.245791 76
0.159018 1
52.266936 1
0.073637 1
0.347053 4
0.191673 4
1.890595 34
0.239893 50
0.457840 29
0.449038 26
0.922034 45
0.205339 76
0.165922 1
0.146288 1
33.019229 1
0.269541 1
0.105108 1
0.151712 1
0.191829 1
0.436052 1
0.469369 1
0.742006 1
0.184777 1
0.140266 1
0.281046 1
0.186879 1
0.145214 1
0.149912 1
0.288348 1
0.330419 1
0.239156 1
0.213186 1
0.280507 1
0.368971 1
0.398440 11
0.021744 100
0.002867 86
5.020223 20
0.352416 4
0.098057 1
0.196522 11
0.021383 91
0.003259 86
1.833666 1
0.191593 1
0.063434 1
0.165678 1
0.101505 1
0.199424 1
0.212010 1
0.391223 1
0.698645 1
0.239758 1
0.172281 1
0.064326 1
0.168232 1
0.640146 1
0.235342 1
0.374173 1
0.173585 1
0.213806 1
0.122869 1
0.107944 1
0.284691 1
1.111378 1
0.235110 1
0.149866 1
0.086589 1
0.110843 1
0.216123 1
0.388803 11
0.037730 60
0.003032 86
40.667584 1
0.210888 1
0.069429 1
0.187700 1
2.002050 4
0.223234 4
0.186297 4
0.148125 4
0.385215 27
0.884122 41
1.052490 11
0.030040 91
0.002741 86
0.799903 1
0.231734 1
0.101523 1
0.160905 1
0.833783 1
0.251138 1
0.254297 1
0.234986 1
0.479593 1
0.235083 1
0.189725 1
0.096031 1
0.129640 1
0.812263 1
0.196372 1
0.480770 1
0.131083 1
0.212315 1
0.134396 1
0.120016 1
0.476167 1
0.861888 1
0.317564 1
0.202809 1
0.122346 1
0.123274 1
0.313829 1
1.942411 2
0.000487 9
0.031111 60
0.004665 86
188.058008 1
0.113301 1
0.344900 1
0.075352 1
0.194147 1
0.417692 11
0.017972 44
0.001263 1397
0.000413 78
30.303250 1
0.261114 1
0.058626 1
0.161152 1
2.689175 1
0.246544 1
0.278076 1
0.285266 1
0.221617 1
0.217487 1
0.318609 1
0.393049 4
0.156355 4
0.064609 1
0.173474 1
0.254200 1
0.237882 1
0.540162 4
0.106159 1
0.597526 1
0.223190 1
0.200508 1
0.179395 1
0.235456 1
0.322520 1
0.306664 1
0.432691 1
0.259931 1
1.230081 11
0.011722 52
0.001341 86
3.401863 1
0.195618 1
0.317443 1
0.215099 1
0.375678 1
0.235164 1
0.225311 1
0.194939 1
0.163190 11
0.179195 140
0.018497 86
4.819156 1
0.302680 1
0.068768 1
0.163322 1
0.101377 1
0.169701 1
0.081724 1
0.152280 1
0.190337 1
0.271070 1
0.186818 1
0.081863 1
0.204597 1
0.190401 1
0.108184 1
0.158370 1
0.663560 1
0.276628 1
0.114861 1
0.412590 1
0.934144 1
0.281882 11
0.031618 50
0.045841 246
0.039648 134
0.168777 217
0.003238 75
0.237841 97
0.003123 117
0.087376 79
0.001891 68
0.000476 27
0.000824 64
0.001479 30
0.085724 196
0.061212 257
0.559723 2
0.014751 33
0.507484 33
0.312865 207
0.034749 79
0.008988 187
0.045887 295
0.000437 276
0.000156 53
0.000203 49
0.000312 214
0.179764 49
0.000045 167
0.000057 90
0.003388 198
0.239404 224
0.089256 165
0.428337 16
0.069164 524
0.008719 44
0.015916 44
0.003456 44
0.002980 44
0.003299 44
0.002977 44
0.010650 44
0.006353 44
0.031541 184
0.005273 109
0.000647 64
0.000144 58
0.023562 122
0.003777 125
0.026802 122
0.061997 98
0.023830 122
0.005072 108
0.037455 122
0.043527 331
0.010156 91
0.027176 122
0.041301 80
0.012767 159
0.000230 58
0.007490 73
0.026393 122
0.043649 304
0.000025 2
0.009561 78
0.057853 122
0.043327 72
0.008555 163
0.000148 58
0.006189 67
0.000592 2
0.038291 64
0.000147 58
0.046831 68
0.003267 212
0.037453 62
0.134328 122
0.032859 87
0.007164 229
0.006385 79
0.065245 122
0.059971 92
0.010278 122
0.006999 64
0.000062 58
0.004296 78
0.000090 2
0.003428 122
0.005380 64
0.000060 58
0.005247 75
0.006535 120
0.000056 2
0.015890 122
0.006176 98
0.003097 122
0.006449 122
0.003243 86
0.002799 122
0.004971 122
0.006645 85
0.006201 122
0.004513 122
0.006579 76
0.004403 64
0.000092 56
0.000034 2
0.153469 120
1.673961 67
0.035429 122
0.016345 69
0.037205 122
5.182621 138
0.139705 130
1.685937 130
1.505057 122
0.017340 92
0.041004 65
6.068217 150
2.389525 85
0.050082 82
1.083037 20
1.788701 86
0.545201 21
0.743402 34
0.823034 30
1.522902 11
0.046760 46
0.020912 86
10.632371 1
0.105646 1
0.239649 1
0.363659 4
0.222069 1
0.272945 1
0.229709 1
0.195342 1
0.319021 1
2.526165 11
3.275140 94
23.847631 443
0.004570 2
11.286025 2
0.117458 2
0.000081 8
0.002116 78
0.295247 7
0.493492 29
0.584737 11
0.048832 46
0.017753 86
1.965823 22
0.343186 25
0.352673 22
0.201094 32
0.537929 11
3.636965 15
0.001908 77
0.000017 2
13.808133 2
0.143553 88
0.504732 7
0.340521 29
0.677735 11
0.047149 46
0.028533 86
5.427053 57
0.000095 54
0.000018 3
3.956210 414
1.317130 4
0.502123 4
0.028238 4
0.031770 4
0.028746 4
0.031055 4
0.030454 4
0.028864 4
0.029542 4
0.033518 4
0.031472 4
0.031422 4
0.027825 4
0.032140 4
0.029662 4
0.028962 4
0.031376 4
0.027891 4
0.027202 4
0.028387 4
0.032753 4
0.027513 4
0.030519 1
0.034314 1
0.026474 1
0.030408 1
0.027972 1
0.032131 1
50.603595 33
0.611519 59
0.021840 111
0.003709 86
54.934648 28
0.602655 49
0.027251 298
0.003077 5
0.000049 70
0.000070 2
0.000037 65
0.000060 2
0.000844 34
0.000214 8
0.000091 42
1.087751 1
0.281142 19
0.000102 62
0.510746 1
0.230145 92
0.646475 2
0.001042 9
0.000019 105
1.770673 1
0.348254 1
0.551491 1
1.379100 187
2.159212 114
0.027305 140
1.612467 1
2.473519 4
2.347961 1
0.370138 1
0.388114 5
0.747608 1
0.577424 63
1.707582 1
0.237866 11
0.000035 752
8.283265 1
0.890145 44
0.000198 10
0.000123 46
1.749333 1
0.692202 4
0.383141 1
0.639353 1
0.470835 4
0.106139 1
0.218008 2
0.000216 125
3.676534 1
0.224826 11
0.014781 354
0.008563 46
0.003524 2
0.003776 8
0.000059 78
1.379812 1
0.389950 20
0.429408 33
0.825657 40
1.217798 11
0.043080 46
0.048346 86
1.373795 22
0.144052 1
0.442550 11
0.046567 178
0.000161 48
0.000162 2
0.058452 8
0.000072 78
35.059634 30
0.571735 53
0.019567 8
0.000133 23
0.000038 2
0.006489 8
0.000012 78
7.800065 116
1.759960 173
0.128030 4
0.499138 4
0.033956 4
0.035841 4
0.021230 4
0.030482 4
0.028900 4
0.032149 4
0.028238 4
0.032063 4
0.028145 4
0.078285 4
0.499723 4
0.033945 4
0.033964 4
0.043901 4
0.012538 489
0.037418 4
0.035332 4
0.020797 4
0.031803 4
0.041093 4
0.025652 4
0.022844 4
0.023977 4
0.038050 4
0.019382 4
1.283335 1
0.171622 1
0.139483 1
0.399156 11
0.036559 41
0.000031 42
0.001726 137
0.002543 86
8.197750 1
0.270407 1
0.139011 1
0.180943 1
0.362801 15
0.003042 2
