0.034907 14
0.029779 86
39.821468 1
0.250695 1
0.092722 1
0.195985 1
2.870279 1
0.246515 1
0.197201 1
0.384456 1
0.393373 1
0.278224 1
0.239181 1
0.201985 1
0.107492 1
0.296613 1
0.298098 1
0.106735 1
0.162331 1
0.216939 1
0.249076 1
0.242192 1
0.431485 1
0.313856 1
0.332308 11
0.037755 33
1.440131 2
0.071415 46
0.221728 86
4.408022 22
3.263077 25
27.734131 31
3.011627 55
0.061464 80
0.000596 34
0.000056 162
0.000012 207
0.000126 131
0.000394 82
0.000009 2
0.002237 8
0.000033 78
26.598963 1
0.515671 1
0.102223 1
0.153588 1
0.599812 1
0.473310 1
0.396197 1
0.290100 1
1.040669 1
0.307046 1
0.236558 1
0.155346 1
0.336291 1
0.152445 1
0.111136 1
0.247419 1
0.147792 1
0.163066 1
0.247327 1
0.251188 1
0.177167 1
0.270869 1
0.271112 1
0.355227 1
0.241961 2
0.000441 9
0.035301 112
0.002491 112
0.003713 112
0.012652 112
0.001814 112
0.002096 112
0.002196 112
0.002350 86
1.188894 24
0.849250 4
0.300850 11
0.058028 103
0.002378 104
0.000860 84
0.278530 72
0.005933 86
6.599521 57
0.533243 132
0.063836 165
0.003211 86
5.338334 31
0.460326 46
0.000012 9
0.093975 52
0.034852 86
8.468022 1
0.221679 1
0.075280 1
0.160609 1
0.667413 1
0.268609 1
0.168010 1
0.187531 1
1.211747 1
0.183415 1
0.156239 1
0.177129 1
0.116662 1
0.205677 1
0.446986 11
0.043955 388
0.018813 86
32.416806 1
0.222039 1
0.068604 1
0.158177 1
0.743954 1
0.377619 1
0.710533 1
0.288471 1
0.185949 1
0.213283 1
0.217985 1
0.140640 1
0.103964 1
0.638745 1
0.264160 1
0.405791 1
0.613198 1
0.229702 1
0.174977 1
0.204943 1
0.177894 1
0.133968 1
0.169438 1
0.208062 1
0.178071 1
0.197585 1
0.181942 1
0.173184 1
0.293163 1
0.243705 1
3.689305 2
0.000155 9
0.142717 47
0.026366 86
1.483760 1
0.209527 1
0.059398 1
0.160118 1
0.668399 1
0.550034 1
0.242260 1
0.594522 1
0.226299 1
0.282881 1
0.129501 1
0.185420 1
0.096006 1
0.184448 1
0.982823 11
0.045782 290
0.000126 110
0.000157 246
0.022134 86
2.815011 83
0.001907 83
18.800686 83
0.000482 83
1.637559 1
0.189517 1
0.085329 1
0.154394 1
0.959028 1
0.309350 1
0.228210 1
0.229533 1
0.254898 1
0.197036 1
0.162946 1
0.177978 1
0.117752 1
0.374725 1
0.873838 1
0.319015 1
0.805269 1
0.601358 1
0.431893 1
1.213078 1
0.269549 1
0.181697 1
0.268984 1
0.211457 1
0.075028 1
0.340835 1
0.138059 1
0.235224 1
0.130068 1
0.529828 1
0.236498 1
0.239700 1
0.216067 1
2.607372 1
0.260529 1
0.150745 1
0.913852 1
0.411119 1
0.241498 1
0.889909 4
0.167075 4
0.114785 1
0.183726 1
0.276909 1
0.257351 1
14.300967 2
0.000833 9
0.045554 34
0.002462 41
0.019471 8
0.000064 78
83.731005 1
1.292124 41
0.341993 1
0.502227 1
0.031429 1
0.033264 1
0.029999 1
0.029577 1
0.025152 1
0.028558 1
0.144238 1
0.446219 5
0.091009 5
0.750325 11
0.053825 75
0.025209 86
48.266639 23
0.630386 28
0.000387 2
0.000011 9
0.044027 371
0.011565 8
0.004372 78
15.404163 31
0.455858 46
0.001408 9
0.034937 2
0.000011 73
0.021838 8
0.000525 78
6.012183 22
0.417486 30
0.395375 45
1.813401 4
0.144482 1
0.485308 2
0.000022 9
0.111958 40
0.046756 86
14.641232 1
0.164801 1
0.102535 1
0.133396 1
0.543969 1
0.229317 1
0.265891 1
1.456643 1
0.187800 1
0.395500 1
0.159832 1
0.176035 1
0.100102 1
0.206396 1
0.708365 2
0.000643 9
0.037215 608
0.065739 86
13.873224 1
0.099922 1
1.292320 1
0.165766 1
0.359681 1
0.820345 11
0.028757 58
0.000430 1587
0.000712 86
22.226052 1
0.343004 1
0.149388 1
0.172238 1
0.419167 1
0.241388 1
0.232263 1
0.387117 1
0.221186 1
0.250078 1
0.298146 1
0.264948 1
0.239819 1
0.254077 1
0.684290 1
0.281870 1
0.142751 1
0.168968 1
0.250935 1
0.302901 1
0.234161 1
0.200153 1
0.356030 1
0.138124 1
0.225359 1
0.426060 1
0.324544 1
0.414521 1
0.324480 1
0.086979 1
1.966894 1
0.113251 1
0.234647 1
0.165601 1
0.477995 1
0.226364 1
0.212145 1
0.184105 1
1.369847 11
0.034780 28
0.023677 185
0.000030 63
0.000230 44
0.000224 57
0.000060 10
0.000024 34
0.001792 54
0.049991 73
0.000039 10
0.001124 10
0.012840 16
0.003197 8
0.000481 78
10.988979 1
0.210339 1
0.080115 1
0.137489 1
0.152616 1
0.127253 1
0.193640 1
0.091073 1
0.136667 1
0.107233 1
0.678694 1
0.186813 1
0.319622 1
0.212038 1
0.102067 1
0.729932 1
0.538901 1
0.130821 1
0.150630 1
1.023263 1
0.170073 1
0.240889 1
0.094366 1
0.793997 1
0.219638 1
0.211277 1
0.177814 1
1.245704 11
0.038205 86
0.515761 1
0.211169 1
0.071132 1
0.145423 1
0.150269 1
0.191238 1
0.242183 1
0.187477 1
0.172471 1
0.075374 1
0.867599 1
0.233406 1
0.246545 1
0.161571 1
0.216535 1
0.208688 1
0.877405 1
0.245993 1
0.324316 1
0.162591 1
0.320389 1
0.297381 1
0.252227 1
0.520893 1
0.316980 1
0.096264 1
1.021741 1
0.175667 1
0.299271 1
0.125059 1
0.282068 1
0.252242 1
0.240038 1
0.176534 1
0.640853 1
0.297267 1
0.332027 1
0.214540 1
0.083749 1
0.739372 1
0.297876 1
0.009631 1
0.108724 1
0.545377 4
0.504001 4
0.279169 1
0.212999 1
0.395191 1
0.132969 1
0.242958 1
0.111275 1
0.821978 1
0.266519 1
0.210869 1
0.184650 1
1.387694 11
0.054071 86
1.562717 1
0.281194 1
0.356286 1
0.163858 1
0.152576 1
0.197521 11
0.011259 144
0.000400 149
0.000025 341
0.000351 86
16.884241 1
0.183125 1
0.145607 1
0.239424 1
0.167214 1
4.163351 1
0.997389 4
0.989476 1
1.254619 1
0.286083 4
0.289780 1
0.187944 1
0.109034 1
0.381019 1
0.615002 1
0.264355 1
0.225232 1
0.603437 1
0.162597 1
0.200962 1
0.289023 1
0.364642 1
0.405444 1
0.329745 1
0.079932 1
0.292619 1
0.175128 1
0.219000 1
0.112153 1
0.520597 1
0.201919 1
0.195352 1
0.235320 1
1.278078 1
0.217380 1
0.306805 1
0.183671 1
0.080676 1
0.918410 1
0.309265 1
0.075363 1
0.154741 1
1.219906 1
0.190190 1
0.401868 1
0.164054 1
0.220160 1
0.243581 1
0.237659 1
0.189132 1
1.035395 1
0.141278 1
0.204700 1
0.218201 1
0.221135 1
0.362328 1
0.521626 1
0.486250 4
0.124160 1
0.169009 1
5.310326 137
0.033790 137
0.029169 137
0.018798 137
0.019391 137
0.021027 137
0.019281 137
0.022640 137
0.020385 137
0.020736 137
0.024104 137
0.035147 137
0.024685 137
0.022102 137
0.053300 137
0.217264 137
0.118350 137
3.900068 1
0.422551 1
0.658999 1
0.576709 1
0.553740 1
0.269211 1
0.232820 1
0.360973 1
0.631239 1
0.221792 1
0.520793 1
0.675270 1
0.669430 1
0.151498 1
0.248521 1
0.242660 1
0.106773 1
0.121950 1
0.263090 1
0.340476 1
0.226387 1
0.177171 1
0.264439 1
0.488105 1
0.118538 1
0.904754 1
1.606753 163
0.035107 163
0.034722 163
0.031839 163
0.024288 163
0.023826 163
0.022680 163
0.025276 163
0.126996 163
0.138687 163
0.066915 163
0.896135 1
0.667727 1
0.231951 1
0.189032 1
0.169960 1
0.246496 1
0.254648 1
0.311217 1
0.257782 1
0.254525 1
1.609852 11
0.025621 61
0.006340 86
3.516860 1
0.229526 1
0.058285 1
0.179264 1
0.156759 1
0.195030 1
0.191411 1
0.193566 1
0.166029 1
0.067685 1
0.154959 1
0.124103 1
0.124617 1
0.298965 11
0.026084 8
0.000016 78
32.088522 1
0.286100 1
0.068965 1
0.170567 1
0.397652 1
0.728773 1
0.808291 1
0.252538 1
0.287396 1
0.422506 1
0.217095 1
0.151963 1
0.123299 1
0.506001 4
0.091460 1
0.871400 1
0.251342 1
0.282639 1
0.897480 1
0.460947 1
0.296708 1
0.614542 1
0.207540 1
0.324891 1
0.197672 1
0.270591 1
0.236834 1
0.202546 1
0.354582 1
0.130396 1
0.203452 1
0.253278 1
0.221319 1
0.920478 1
0.275065 1
0.075729 1
0.252057 1
0.174852 1
0.227829 1
0.084299 1
0.132825 1
0.204383 1
0.204384 1
0.182092 1
0.821313 11
0.032404 109
0.002662 8
0.000014 78
12.642423 42
0.187632 1
0.509856 1
0.032663 1
0.032975 1
0.021006 1
0.035961 1
0.022556 1
0.026066 1
0.029068 1
0.030764 1
0.029661 1
0.031748 1
0.027731 1
0.038644 1
0.028281 1
0.035269 1
0.023285 1
0.030912 1
0.024183 1
0.030414 1
0.213348 1
0.250897 43
0.467712 11
0.043387 110
0.033113 59
0.067706 86
1.807531 1
0.186095 1
0.064141 1
0.165174 1
0.443953 1
0.242741 1
0.206034 1
0.219477 1
0.134294 1
0.335022 1
0.196808 1
1.166656 1
0.253603 1
0.203372 1
0.285837 1
0.208976 1
0.132667 1
0.170682 1
0.213154 1
0.723712 1
0.138106 1
0.136765 1
0.557131 1
0.311593 1
0.185376 1
0.237725 1
0.223179 1
0.816432 1
0.423854 1
0.080738 1
0.301139 1
0.138681 1
0.225424 1
0.088898 1
0.537648 1
0.248114 1
0.219460 1
0.194075 1
2.714895 11
0.034334 31
0.003762 95
0.000017 2
0.000135 40
0.000227 2
0.075984 78
0.002065 8
0.000010 78
0.566337 1
0.568618 1
1.258266 1
0.207565 1
0.239473 1
1.244771 11
0.006345 634
0.000104 86
24.586341 1
0.174484 1
0.139003 1
0.252016 1
0.834860 1
0.320551 1
1.412181 2
0.508228 4
0.295490 2
0.091491 2
0.184556 2
0.075319 2
0.490809 4
0.156227 4
0.158266 4
0.337392 4
0.313023 2
0.142605 2
0.201657 2
0.110759 2
0.515176 1
0.950807 1
0.157003 1
0.203130 1
0.913142 1
0.722856 1
0.424129 1
0.353719 1
0.311992 1
0.228901 4
0.159975 1
0.214392 1
0.074165 1
0.165397 1
0.108543 1
0.243831 1
0.224950 1
0.187256 1
0.366581 1
0.242030 1
0.383855 1
0.191273 1
0.104083 1
0.575905 1
0.396837 1
0.121035 1
0.250669 1
0.792449 1
0.273087 1
0.328724 1
0.149959 1
0.195192 1
0.249979 1
0.209628 1
0.206248 1
0.763262 1
0.361717 1
0.222918 1
0.229625 1
0.234880 1
0.170557 1
0.113301 1
0.208437 1
0.256957 1
0.596330 11
0.027256 15
0.002913 86
1.371443 1
0.167631 1
0.205662 1
0.136203 1
0.156584 1
0.263485 1
0.179376 1
0.071070 1
0.689520 1
0.271951 1
0.089678 1
0.193588 1
0.729878 1
0.164754 1
0.216297 1
0.096820 1
0.561066 1
0.210174 1
0.192422 1
0.163294 1
0.285119 1
0.269668 1
0.208227 1
0.206882 1
0.227691 1
0.190054 1
0.127995 1
0.195252 1
0.226200 1
1.760143 2
0.001301 9
0.002269 14
0.000431 86
51.828603 1
0.205741 1
0.090135 1
0.206969 1
0.155621 17
