0.013405 14
0.006725 86
12.314924 2
0.349680 2
0.628927 4
0.131490 4
0.545640 1
0.142060 1
0.999074 1
0.245642 1
0.264017 1
0.376973 11
0.020762 535
17.296780 1
0.437773 1
0.493344 1
0.250167 1
0.109495 1
0.183849 1
0.390273 1
0.150164 1
0.181285 1
0.101780 1
0.197562 1
0.071132 1
0.205019 1
0.282098 1
0.084055 1
0.178975 1
0.186404 1
0.543409 11
0.346765 17
0.000145 86
7.643499 1
0.316086 1
0.193179 1
0.222621 1
0.307381 1
0.424189 1
0.790028 1
0.171504 1
1.275560 1
0.146996 1
0.179147 1
0.116837 1
0.549992 1
0.000228 1
0.001245 1
0.244738 1
0.149534 1
0.204171 1
0.182549 1
0.229163 11
0.048925 63
0.002862 23
0.000045 101
0.000014 26
0.000005 2
0.000077 19
0.000945 49
0.000549 92
0.000062 33
0.000018 28
0.000035 35
0.000037 26
0.001446 134
0.000461 8
0.000018 78
29.352856 1
0.081704 1
0.238412 1
0.132970 1
0.385226 11
0.113012 136
0.007298 86
1.863893 1
0.171395 1
0.069891 1
0.143795 1
0.419628 1
0.187700 1
0.128004 1
0.140448 1
0.189080 1
0.151971 1
0.190900 1
0.107248 1
0.299917 1
0.233884 4
0.500857 4
0.028855 4
0.031110 4
0.029510 4
0.038314 4
0.051949 4
0.030427 4
0.038179 4
0.031746 4
0.031003 4
0.036526 4
0.032781 4
0.031062 1
25.439020 1
0.175477 1
0.050525 1
0.143540 1
0.102471 1
0.151578 1
0.140333 1
0.070714 1
0.152812 1
0.133910 1
0.201088 1
0.111088 1
0.197446 1
0.180405 1
0.075326 1
0.140927 1
0.057416 1
0.307059 1
0.122821 1
0.209568 1
0.088456 1
1.025728 11
0.020093 33
1.230713 2
0.042765 50
0.083711 114
0.007359 132
0.033556 134
0.124080 154
0.001002 63
0.000604 75
0.251155 87
0.039505 196
0.026354 207
0.005244 33
0.521277 33
0.051843 164
0.008612 140
0.000560 2
0.344919 16
0.033567 109
0.022650 40
0.000596 399
0.019661 44
0.026295 44
0.029511 43
0.000007 1
0.019904 44
0.021942 43
0.000377 1
0.025131 40
0.000009 4
0.017990 40
0.000124 4
0.022545 44
0.021724 44
0.072235 44
0.000765 462
0.004955 50
0.000737 2
0.023251 64
0.000074 58
0.039132 59
0.005298 122
0.002688 122
0.002531 82
0.604393 20
0.995268 86
6.893333 1
0.435382 4
0.331413 1
0.106527 1
0.120033 1
0.106028 1
0.588185 11
0.018495 1658
0.071338 146
0.099780 110
0.000242 20
0.009807 507
0.000120 934
0.000012 898
0.000005 132
0.000005 124
0.000019 132
0.000005 132
0.000004 134
0.000020 303
0.000005 14
29.454247 44
0.000806 86
5.347247 1
0.447532 1
0.791161 1
0.183966 1
0.204632 1
0.122765 1
6.030433 4
0.504656 4
0.043345 4
0.033017 4
0.031090 4
0.030972 4
0.036943 1
0.026995 1
0.030658 1
0.075096 1
0.235975 1
0.090921 1
0.149150 1
0.091438 1
0.281816 1
1.644758 1
0.802668 1
0.156464 1
0.202243 1
0.163986 1
0.748947 1
0.321808 1
0.302794 1
4.405989 1
0.393827 1
0.292780 1
0.189523 1
0.205375 1
0.185473 1
0.123659 1
0.556698 1
0.336466 4
0.214315 1
0.181455 1
0.403580 11
0.036105 13
0.000862 1430
0.000573 86
5.769464 83
0.031857 83
24.107144 83
1.351393 1
0.300299 1
0.075593 1
0.157928 1
0.477361 1
0.286759 1
0.294522 1
0.199573 1
0.145542 1
0.159675 1
0.244208 1
0.517457 1
0.330585 1
0.187666 1
0.665946 1
0.404827 1
0.175480 1
0.124046 1
0.146090 1
0.192156 1
0.261038 1
0.203377 1
0.161428 1
0.176772 1
0.369799 11
0.010279 13
3.051601 24
3.022441 45
4.027767 29
3.001082 43
0.128745 86
45.361056 1
0.199635 1
0.059846 1
0.161361 1
0.471142 1
0.399538 1
1.598372 1
0.189098 1
0.168739 1
0.154753 1
0.611788 1
0.150991 1
0.198769 1
0.171552 1
0.188881 1
0.129374 1
0.169277 1
0.432784 1
0.572755 4
0.123813 1
0.177910 1
0.290252 1
1.089763 11
0.029724 86
10.025402 20
57.576989 11
0.020496 86
746.757357 1
0.232381 1
0.122815 1
0.152316 1
0.690223 1
0.243120 1
0.241611 1
0.117088 1
0.159043 1
0.164967 1
0.325466 1
0.177410 1
0.198813 1
0.199378 1
0.224231 1
0.178260 1
0.174500 1
0.198917 1
0.169250 1
0.853436 2
0.000649 9
0.029375 70
0.000408 228
0.011458 178
0.000701 50
8.414075 1
0.513901 11
0.000086 82
0.000788 198
0.000068 207
0.000070 2
0.001662 317
30.209121 1
0.093960 1
0.127070 1
0.112235 1
0.814743 4
0.194962 4
0.162288 4
0.138839 4
0.604825 11
0.004119 86
0.858629 1
0.208232 1
0.118500 1
0.166314 1
0.181709 1
0.215968 1
1.141782 1
0.219061 1
0.105421 1
0.140736 1
0.159044 1
4.130809 1
0.750866 1
0.152313 1
0.305701 1
0.239841 1
0.211169 1
0.169656 1
0.180926 1
0.198621 1
0.153288 1
0.189670 1
0.200139 1
0.486396 1
0.202980 1
0.159175 1
0.179858 1
0.199976 1
0.190510 1
0.372609 1
0.360105 1
0.203474 1
0.363913 1
0.219333 1
0.153032 1
1.442761 1
0.111692 1
0.181901 1
0.245645 1
0.092273 1
0.329543 1
0.156081 1
0.242629 1
0.044961 3
0.710350 417
0.437056 3
7.656057 210
0.000028 9
0.023157 86
0.999464 1
0.079116 1
0.106593 1
0.260622 1
0.833481 1
2.090161 4
0.159406 4
0.144962 4
0.139939 4
0.141404 4
2.504701 1
0.058091 1
0.139815 1
0.562036 1
0.188989 1
0.286915 1
0.271207 1
0.159997 1
0.433761 1
0.240960 1
0.165160 1
0.681299 1
0.350696 1
0.439200 1
0.776589 1
0.133466 1
0.200047 1
0.226882 1
0.111742 1
0.540645 1
0.133401 1
0.202963 1
0.225636 1
0.192547 11
0.020033 8
0.000009 54
0.000021 13
0.001199 57
0.000006 6
0.000052 40
0.000005 19
0.000423 99
0.000056 356
0.000064 130
0.000005 45
0.000008 26
0.000019 90
0.000016 75
17.433794 71
0.002055 86
57.444890 1
0.608398 1
1.415531 1
0.182387 1
0.137742 1
0.553989 1
1.473173 2
0.000029 9
0.014692 52
0.000026 38
0.001103 86
0.786403 1
0.269104 1
0.057641 1
0.281198 1
0.764442 1
0.720797 1
0.262994 1
0.222814 1
0.127055 1
0.127642 1
0.125641 1
0.239026 1
0.165436 1
0.274668 1
0.177327 1
0.257886 1
0.315249 1
0.264166 1
0.204944 1
0.162540 1
0.204048 2
0.001279 9
0.020840 799
1.028758 97
0.000005 91
0.000019 103
0.000023 82
0.000035 10
0.000015 71
0.000018 11
16.924201 44
0.000287 8
0.012736 86
2.779895 1
0.158959 1
0.073293 1
0.172889 1
0.078970 1
0.589861 1
0.162126 1
0.201809 1
0.194408 1
0.202972 1
0.179688 1
0.111534 1
0.273624 1
0.565674 1
0.728361 11
0.408259 410
0.001788 86
1.784176 1
12.454928 1
0.250219 1
0.097645 1
0.171742 1
0.425940 4
0.499649 4
0.048644 4
0.032529 4
0.033539 4
0.033225 1
0.030037 1
0.031595 1
0.027705 1
0.093941 1
0.223695 1
0.075184 1
0.156802 1
0.128303 1
0.183281 1
0.122702 1
0.197070 1
0.198283 1
0.189109 1
0.170051 1
0.108192 1
0.117074 1
0.144235 1
0.143170 1
0.186548 1
0.168623 1
0.164321 1
0.162743 1
0.154938 1
1.849805 11
0.034385 270
2.320834 104
0.544504 15
0.008587 8
0.000579 78
0.999111 1
0.163969 1
0.095340 1
0.140592 1
0.092155 1
0.252664 1
0.113912 1
0.231228 1
0.205498 1
0.220064 1
0.181069 1
0.220371 1
0.368361 1
0.238581 1
1.236224 2
0.001024 9
0.620629 133
0.001833 277
0.000822 86
8.810804 14
0.497471 10
0.804068 11
0.033580 270
1.363613 1
0.079720 1
0.128852 1
0.084916 1
0.218980 1
0.234002 1
0.343868 4
0.111712 1
0.202234 1
0.208828 1
0.112432 1
0.195270 1
8.842802 1
0.243143 1
0.166476 1
0.619141 1
1.422636 11
0.040762 93
1.095414 1
0.158575 1
0.196590 1
0.148708 1
0.411817 11
0.002441 86
0.819766 20
0.172898 13
0.563114 11
0.378302 418
0.001016 8
0.000039 78
13.570992 83
0.023144 83
0.014564 83
0.029962 83
0.020224 83
0.083006 83
0.016786 83
0.103155 83
0.043043 83
0.136487 83
0.793090 83
1.260385 1
10.638491 1
0.217041 1
0.106882 1
0.121646 1
0.118896 1
0.236179 1
0.096788 1
0.229101 1
0.200320 1
0.199780 1
0.180670 1
0.091572 1
0.137932 1
0.131921 1
0.177372 1
0.196723 1
0.183569 1
0.148561 1
0.162427 1
0.144427 1
0.353390 11
0.038349 270
5.027107 1
0.195875 1
11.352927 1
0.133178 1
0.246705 1
0.197746 1
0.154583 1
0.134640 1
0.115699 1
0.209077 1
0.214113 1
0.124857 1
0.254798 1
0.174096 1
0.304637 1
0.129714 1
0.211008 1
0.258644 1
0.263694 4
0.091175 1
0.473314 1
1.129533 1
0.283562 1
0.705028 1
0.197681 1
0.328826 1
0.134760 1
0.752281 1
5.610865 11
0.013681 277
2.016209 26
0.685856 1
0.379320 7
0.185681 7
0.095681 3
0.255158 3
0.616058 2
0.000093 9
0.003628 277
814.459525 2
0.132648 2
0.306797 4
0.176953 4
0.422116 11
0.000060 4
0.015679 86
0.394143 2
0.092423 2
0.088340 4
0.150826 4
0.626243 2
0.198915 2
0.170151 2
0.235585 4
0.160967 4
0.137006 4
0.543931 1
0.105373 1
0.116012 1
0.124303 1
0.207520 1
0.210379 1
0.152221 1
0.211279 1
0.211377 1
0.194061 1
0.193995 1
0.175897 1
0.941519 4
0.509696 4
0.031532 4
0.037002 4
0.036646 4
0.032312 4
0.282152 4
0.162411 1
0.163036 1
0.091637 1
0.112055 1
0.153722 1
0.177620 1
0.122033 1
0.211555 1
0.166458 1
0.091023 1
0.127380 1
0.035622 1
0.216798 1
0.254014 1
0.152735 1
0.229319 1
0.200029 1
0.187006 1
0.184628 1
0.120086 2
0.000887 9
0.035255 50
0.011673 114
0.004896 132
0.028481 134
0.106908 217
0.000887 75
0.163218 151
0.000011 59
0.001636 197
0.059040 79
0.001574 121
0.000037 45
0.040407 196
0.027731 64
0.000009 181
0.000041 9
0.468431 2
0.010024 33
0.510962 33
0.387171 186
0.000786 79
0.029143 192
0.167915 258
0.008072 274
0.004573 53
0.000066 223
0.003233 255
0.240635 52
0.000178 24
0.000875 30
0.000104 115
0.000054 61
0.005800 112
0.000157 153
0.011550 72
0.000752 169
0.027547 149
0.301385 16
0.032063 567
0.018073 43
0.000032 1
0.025027 44
0.028353 43
0.000043 1
0.025374 43
0.000097 1
0.020595 43
0.000008 1
0.023419 43
0.000008 1
0.020007 44
0.021421 43
0.000139 1
0.020643 43
0.000181 1
0.047122 44
0.001601 140
0.002445 93
0.000120 112
0.005693 112
0.002905 71
0.029422 112
0.028056 188
0.000141 112
0.008757 78
0.025774 112
0.017433 86
0.008784 162
0.000059 46
0.000035 2
0.003317 76
0.013000 110
0.000009 2
0.029210 252
0.000342 46
0.000021 2
0.001856 78
0.016780 64
0.000032 46
0.000036 2
0.026229 188
0.000075 64
0.000029 46
0.000021 2
0.003711 78
0.014477 112
0.018716 87
0.007698 93
0.000109 112
0.006197 71
0.037539 112
0.024432 93
0.007587 100
0.000201 66
0.000039 46
0.000009 2
0.014757 194
0.014106 128
0.000265 74
0.002850 80
0.014881 110
0.000195 2
0.016124 78
0.008042 93
0.000163 112
0.003190 67
0.043467 112
0.022152 71
0.009716 88
0.000134 112
0.004547 60
0.028912 112
0.033124 74
0.003396 112
0.003306 112
0.004499 78
0.004762 112
0.005686 64
0.000018 48
0.004181 85
0.000196 2
0.004953 112
0.016166 190
0.012179 198
0.005071 110
0.000092 2
0.005814 85
0.003772 110
0.000055 2
0.001512 112
0.001835 85
0.002039 112
0.001975 112
0.002047 85
0.003244 112
0.003030 112
0.005133 83
0.003782 112
0.002506 112
0.003265 78
0.004293 64
0.000011 48
0.003502 112
0.005566 65
0.000069 2
0.005416 112
0.004120 64
0.000446 48
0.004156 92
0.026592 86
0.041377 90
0.006656 85
0.036430 82
0.380159 20
1.043502 86
2.032820 1
0.191781 1
0.292782 4
0.156112 4
0.148948 1
0.178140 1
0.065023 1
0.765674 1
0.123773 1
0.208086 1
0.216541 1
0.200661 1
0.284760 1
0.220538 1
0.210737 1
0.192037 1
0.479880 1
0.335948 1
0.117167 1
0.130994 1
0.432679 1
0.455169 1
0.107995 1
0.199765 1
0.258503 1
0.726979 11
1.608182 94
0.091233 139
131.721569 2
0.262518 2
0.126432 2
0.106355 2
0.271973 3
0.168167 3
0.172115 3
0.133383 3
0.441869 2
0.072066 10
0.000090 78
2.903710 1
0.303008 2
0.407991 4
0.814686 1
0.184244 1
0.053800 1
0.167817 1
0.073767 1
0.193125 1
0.259029 1
0.171027 1
0.514925 1
0.209309 1
0.200804 1
0.183445 1
0.079203 1
0.186650 1
0.108365 1
0.150645 1
0.196156 1
0.214046 1
0.101787 1
0.139557 1
0.164921 1
0.112897 11
1.613292 94
34.716763 1
0.544460 3
0.188139 2
0.076822 88
0.609105 1
0.228982 1
0.057879 1
0.168152 1
0.548612 1
0.261500 1
0.195875 1
0.485180 1
0.181670 1
0.150806 1
0.147643 1
0.528670 1
0.158426 1
0.125802 1
0.150474 1
0.152308 1
0.128840 1
0.222560 1
0.660123 1
0.449698 4
0.100345 1
0.175178 1
0.404347 1
0.714353 4
0.256145 1
0.525346 4
0.928861 1
1.358908 11
0.027847 111
0.002523 86
1.332414 21
0.360260 1
71.320415 3
0.320442 7
0.501921 7
0.034955 7
0.041058 7
0.027566 7
0.038329 7
0.030417 7
0.033460 7
0.047722 7
0.025550 7
0.029248 7
0.036850 7
0.034238 7
0.029104 7
0.039533 7
0.027501 7
0.043130 7
0.032795 7
0.035657 7
0.031656 7
0.032147 7
0.027951 1
0.034999 1
0.030408 1
0.030809 1
0.032493 1
0.032831 1
0.031551 1
0.358479 3
0.204464 4
0.520687 1
0.138598 1
0.254735 1
0.139700 1
0.256155 1
0.338012 11
0.012841 1307
545.512774 1
0.210622 1
0.286055 1
0.096878 1
0.974528 11
0.006961 6
