0.006876 14
0.010604 86
2.253336 1
0.209430 1
0.286439 1
0.085181 1
0.668897 1
0.403525 1
0.659701 1
0.349085 1
0.545444 4
0.150765 1
0.112747 1
0.235138 1
11.307760 4
0.142262 4
0.141979 4
0.124416 4
0.974368 131
5.114640 42
0.000059 81
0.796931 1
0.199095 1
1.182139 1
0.163784 1
0.187666 1
0.150110 1
0.407643 1
0.239925 1
0.210659 1
0.175459 1
0.219443 1
0.833149 1
0.380384 1
0.504628 1
0.230102 1
0.086997 1
0.229289 1
0.220871 1
0.284840 1
0.130788 1
0.270190 1
0.308154 1
0.906460 19
0.000159 78
1.401299 1
0.194430 1
0.218835 1
0.332233 1
0.164287 1
0.199828 1
0.165782 1
0.152546 1
0.239397 1
0.181305 1
0.100556 1
0.184035 1
0.161569 1
0.316906 1
0.226476 1
0.208297 1
0.090301 1
0.209979 1
0.095507 1
0.165287 1
0.175707 1
0.213346 1
0.235632 1
0.177462 11
0.008624 15
0.000513 87
0.000128 78
2.199247 1
0.211963 1
0.199043 1
0.623563 1
0.450795 1
0.303888 1
0.622556 1
0.231287 1
0.188000 1
0.193620 1
0.130577 1
0.781059 1
0.585880 1
0.385597 1
0.513059 1
0.598458 1
0.365817 1
0.166585 1
0.197116 1
0.168732 1
0.143186 1
0.263859 1
0.181750 1
0.094122 1
0.210101 1
0.682452 1
0.345812 1
0.176245 1
0.210061 1
0.080420 1
0.213955 1
0.076340 1
0.175613 1
0.147775 1
0.236019 1
0.261566 1
0.356800 11
0.002430 24
0.000396 86
3.882898 36
0.258063 1
0.357160 1
0.513503 1
0.035114 1
0.031574 1
0.032412 1
0.033836 1
0.029047 1
0.032185 1
0.030995 1
0.029786 1
0.035693 1
0.051289 1
0.036520 1
0.029907 1
0.030610 1
0.035638 1
0.044042 1
0.031522 1
0.030286 1
0.031879 1
0.031505 1
0.031727 1
0.342414 3
0.373182 5
0.092023 5
0.436100 11
0.003546 6
0.000065 7
0.000278 5
0.000273 8
0.000064 78
62.465256 1
0.204335 1
0.179832 1
1.013573 1
0.300940 1
0.279613 1
0.866941 1
0.189307 1
0.138330 1
1.046753 1
0.334447 1
0.390555 1
0.565324 4
0.271173 1
0.149402 1
0.141857 1
0.190368 1
0.140057 1
0.599719 1
0.208901 1
0.192167 1
0.199808 1
0.228681 1
0.228600 1
0.369971 1
0.202498 1
0.656307 1
1.240594 1
1.116428 1
0.841255 1
0.581313 1
0.653151 1
0.447563 1
0.608103 1
1.362497 11
0.002437 57
0.000151 8
0.000053 78
5.854161 32
1.288684 1
0.512645 1
0.032693 1
0.035033 1
0.032261 1
0.030566 1
0.029854 1
0.744517 3
0.252744 3
0.293277 3
0.462519 3
2.005805 3
1.546599 5
0.596027 9
0.260328 9
0.781673 11
0.003017 57
0.000929 86
3.742452 31
0.186671 1
0.512270 1
0.032853 1
0.030271 1
0.032133 1
0.032946 1
0.037537 1
0.032132 1
0.031876 1
0.031134 1
0.035005 1
0.028884 1
0.030104 1
0.038672 1
0.035933 1
0.035392 1
0.111688 3
0.513011 3
0.032522 3
0.031520 3
0.031143 3
0.031217 3
0.029726 3
0.038647 3
0.034744 3
0.037642 3
0.031369 3
0.082896 3
0.253691 3
0.252150 3
0.271117 5
0.292183 1
0.512649 1
0.033957 1
0.030346 1
0.031144 1
0.030432 1
0.032592 1
0.028457 1
0.038304 1
0.038808 1
0.035432 1
0.032895 1
0.031171 1
0.031956 1
0.031957 1
0.035607 1
0.034469 1
0.030983 1
0.029968 1
0.032265 1
0.029919 1
0.032795 1
0.485006 3
0.305275 5
1.530585 11
90.420115 2
0.000941 2
0.000043 8
0.000055 78
29.972573 33
1.345429 11
0.598797 1
0.308960 1
0.588265 1
0.193527 1
0.316229 1
0.799157 1
0.255701 1
0.243943 1
0.139839 1
2.640507 1
0.219197 1
0.259350 1
0.248036 1
0.112354 1
0.209165 1
0.142083 1
0.580314 1
0.112015 1
0.430898 1
0.181492 1
0.222231 1
0.155593 1
0.090244 1
1.740948 2
0.707453 1
0.225668 1
0.303387 1
0.278990 1
0.739676 1
0.371650 1
0.200398 1
0.199799 1
0.091232 1
0.126562 1
0.199381 1
0.156248 1
0.229419 1
0.128683 1
0.256416 1
0.483018 1
0.265597 1
0.263585 1
0.226697 1
0.219595 1
0.142541 1
0.144102 1
0.580764 1
0.521067 25
0.000074 2
0.360133 1
0.127186 1
0.231157 1
0.096848 1
0.840422 3
0.510190 3
0.033810 3
0.034685 3
7.176402 2
0.001144 88
15.011219 1
0.213874 1
0.234103 1
0.320518 1
0.203744 1
0.229238 1
7.293617 43
0.000029 270
1.499931 147
0.000041 2
0.000106 217
1.032552 1
0.294473 1
7.645252 1
0.152260 1
0.210212 1
0.150268 1
0.152219 1
0.254034 1
0.201228 1
0.142034 1
0.223838 1
0.522347 1
0.327664 1
0.184263 1
0.084957 1
0.231143 1
0.305523 1
0.169648 1
0.234418 1
0.057130 1
0.557414 1
0.158870 1
0.097103 1
0.169921 1
0.205939 1
0.110941 1
0.189736 1
0.203815 1
0.248267 1
0.640811 11
0.000029 86
1.484937 1
0.204265 1
0.213608 1
0.709501 1
0.252886 1
0.322377 1
0.618465 1
0.144403 1
0.200927 4
0.166964 4
0.219199 1
0.104962 1
0.156802 1
0.197629 1
0.118940 1
0.318004 1
0.621034 1
0.358689 1
0.831120 1
0.688477 1
0.327841 1
0.359367 1
0.776148 1
0.482989 4
0.472489 1
0.423553 1
1.499290 1
0.532572 1
4.299759 1
0.164038 1
0.184303 1
0.155588 1
0.186842 1
0.228669 1
0.198816 1
0.069507 1
0.174059 1
0.108940 1
0.244383 1
0.177602 1
0.066335 1
0.273763 1
0.191177 1
0.219289 1
0.248392 1
0.042449 1
0.350687 1
0.106667 1
0.116998 1
0.202706 1
0.126526 1
0.194009 1
0.279510 4
0.180467 4
0.148887 4
0.152366 4
0.162289 4
0.164849 4
0.234634 1
0.159704 1
0.612623 1
0.265740 1
0.229870 1
0.170470 1
0.299885 1
0.322463 1
0.293956 1
2.207014 11
0.003380 283
18.557808 1
0.207400 1
0.178758 1
0.476530 1
0.279212 1
0.607208 1
0.668054 1
0.237642 1
0.507598 1
0.173419 1
0.072735 1
0.157036 1
0.169186 1
0.117429 1
0.516856 1
0.289583 4
0.510145 4
0.038042 4
0.030938 4
0.117803 4
0.176135 4
0.243201 1
0.597454 1
0.547735 1
0.163008 1
0.234985 1
0.324314 1
0.350063 1
0.484645 1
0.373720 1
0.816855 1
0.911177 1
0.235749 1
0.282766 1
0.223125 1
0.185142 1
0.202387 1
0.264144 1
0.171322 1
0.126895 1
0.214150 1
0.199799 1
0.265744 1
0.197041 1
0.128415 1
0.233758 1
0.320280 1
0.232047 1
0.292151 1
0.163729 1
0.119226 1
0.174383 1
0.115484 1
0.135956 1
0.221326 1
0.142797 1
0.219563 1
0.260012 1
0.293548 1
2.502241 11
0.002232 28
0.000391 86
40.782375 1
0.213484 1
0.295887 1
0.673214 1
0.283003 1
0.789582 1
0.866516 1
0.464027 1
0.365726 1
0.141253 1
0.134026 1
0.954564 1
0.375556 1
0.346641 1
0.217580 1
0.225755 1
0.211701 1
0.186509 1
0.265083 1
0.187851 1
0.078167 1
0.197200 1
0.448060 1
0.289032 1
0.191712 1
0.084917 1
0.244988 1
0.392056 1
0.224069 1
0.257828 1
0.123092 1
0.203325 1
0.124045 1
0.154461 1
0.374447 1
0.254175 1
0.267610 1
0.156286 1
0.232791 1
0.252322 1
0.907064 11
0.001887 38
0.000491 42
0.000150 78
12.095890 1
0.164457 1
0.123711 1
0.485359 1
0.313290 1
0.408735 1
1.047105 1
0.483702 1
2.108265 1
0.178487 1
1.028034 1
0.313579 1
0.204527 1
0.352897 4
0.141841 4
0.931311 2
0.143703 2
2.067178 1
1.373018 1
2.195512 1
0.152648 1
1.461330 1
0.461418 1
0.502633 1
1.026966 1
0.154616 1
0.136590 1
1.271594 1
0.518488 1
0.252856 1
0.161390 1
0.208101 1
0.185967 1
0.145174 1
0.260362 1
0.185328 1
0.123630 1
0.216672 1
0.468615 1
0.272780 1
0.166221 1
0.131094 1
0.274600 1
0.577717 1
0.196704 1
0.239097 1
0.074585 1
0.749218 1
0.188046 1
0.192061 1
0.343077 1
0.250465 1
0.174549 1
0.175241 1
0.220167 1
0.271003 1
0.256752 11
0.002940 36
0.000606 86
13.698900 1
0.215447 1
0.243495 1
0.665217 1
0.270813 1
0.747841 1
0.261264 1
0.128106 1
0.241808 1
0.262629 1
0.136581 1
0.341627 1
0.395913 1
0.390920 1
0.494717 1
0.142293 1
0.152172 1
0.080884 1
0.217235 1
0.145186 1
0.158871 1
0.138303 1
0.743684 1
0.866681 1
0.396342 1
0.676906 1
0.809996 1
4.799278 1
0.836177 1
0.175509 1
0.188983 1
0.153105 1
0.131907 1
0.220945 1
0.193841 1
0.075214 1
0.203681 1
0.278785 1
0.265988 1
0.219340 1
0.085478 1
0.261260 1
0.314304 1
0.162747 1
0.206953 1
0.074199 1
0.181677 1
0.188999 1
0.163913 1
0.143758 1
0.217288 1
0.187810 1
0.144683 1
0.200399 1
0.233315 1
0.191664 11
0.002757 44
0.000676 86
1.429294 55
0.354374 1
0.514542 1
0.033610 1
0.033227 1
0.031128 1
0.030313 1
0.029702 1
0.034795 1
0.038221 1
0.035062 1
0.034458 1
0.032933 1
0.033296 1
0.030267 1
0.033859 1
0.031828 1
0.031589 1
0.035549 1
0.034011 1
0.031149 1
0.034511 1
0.035057 1
0.033420 1
0.030078 1
0.032822 1
0.032635 1
0.033366 1
0.032557 1
0.036968 1
0.032918 1
0.031979 1
0.034343 1
0.030055 1
0.036151 1
0.031364 1
0.033194 1
0.030924 1
1.737898 3
0.279216 3
2.516328 3
0.203986 3
0.351633 5
0.146749 5
0.070353 5
0.136872 5
0.530513 11
0.002419 115
0.000430 86
1.634632 55
0.330139 1
0.511534 1
0.036482 1
0.030689 1
0.031511 1
0.034126 1
0.031787 1
0.034905 1
0.035787 1
0.031713 1
0.033503 1
0.032883 1
0.034288 1
0.031175 1
0.032016 1
0.033307 1
0.030567 1
0.030294 1
0.029962 1
0.036966 1
0.033275 1
0.031940 1
0.035928 1
0.029711 1
0.030078 1
0.038214 1
0.206449 3
0.214529 1
0.184908 1
0.197684 1
0.409398 5
0.515105 5
0.034451 5
0.029863 5
0.030854 5
0.036242 5
0.035056 5
0.029296 5
0.036784 5
0.033095 5
0.032499 5
0.033422 5
0.031552 5
0.035023 5
0.031617 5
0.033215 5
0.146174 5
0.179528 5
0.157237 5
0.155678 5
0.178451 5
0.262129 5
1.743734 5
0.306990 5
0.217649 5
0.955733 5
0.446090 5
0.650085 5
0.115699 5
0.938504 5
1.668957 5
0.748459 5
3.226556 5
0.303735 5
0.393763 5
0.347827 5
0.944443 5
0.229538 5
1.026490 5
0.105966 5
0.143223 5
0.198411 5
0.116739 5
2.856704 5
2.779668 11
0.002874 246
0.000793 86
59.272568 1
0.237595 1
0.263515 1
0.638839 1
0.229199 1
0.351063 1
0.400612 1
0.254408 1
0.174330 1
0.207648 1
0.079247 1
0.523280 1
0.281777 1
0.128643 1
0.740092 1
0.654299 1
0.530685 1
0.374530 1
1.211856 1
0.609816 1
0.672271 4
0.260247 1
0.618357 1
0.252839 1
0.270349 4
0.079237 1
0.201159 1
0.185510 1
0.204867 1
0.221015 1
0.186411 1
0.086393 1
0.185036 1
0.202303 1
0.227267 1
0.212238 1
0.081379 1
0.254576 1
0.561602 1
0.175634 1
0.238424 1
0.072337 1
0.172866 1
0.164127 1
0.122087 1
0.110265 1
0.205078 1
0.142817 1
0.155111 1
0.208825 1
0.251354 1
0.573603 11
0.003479 346
77.470050 83
0.033488 83
0.019333 83
0.031316 83
0.039405 83
0.075161 83
0.073981 83
0.039403 83
0.071822 83
1.760075 1
0.166108 1
0.185559 1
1.125251 1
0.198723 1
0.340781 1
0.548303 4
0.747206 1
0.913008 1
0.126639 1
0.166069 1
0.209757 1
0.073947 1
0.254039 4
0.169130 4
0.144658 4
0.138962 4
0.159406 4
0.338456 1
0.204441 1
0.155492 1
0.215500 1
0.096279 1
0.320013 1
0.206232 1
0.217296 1
0.219327 1
0.279504 1
0.146286 1
0.116619 1
0.166500 1
1.632670 1
0.811509 1
0.449081 1
1.845866 1
1.085955 1
1.360679 1
1.044958 1
0.134060 1
0.217821 1
0.199368 1
0.280245 1
0.228165 1
0.175680 1
0.126689 1
0.451833 1
0.000318 1
0.146029 1
0.184954 1
0.078678 1
0.213386 1
0.752091 1
0.193954 1
0.213671 1
0.068582 1
0.188161 1
0.159700 1
0.135334 1
0.107477 1
0.212409 1
0.172086 1
0.191304 1
0.216550 1
0.246113 1
0.323903 11
0.002777 104
0.000076 78
34.295257 2
0.193036 2
0.147085 2
0.519203 4
0.148643 4
0.124000 4
0.522749 1
0.122189 1
0.118391 1
0.769063 1
0.339542 1
0.634285 1
0.479096 1
0.212064 1
0.211481 1
0.503053 1
0.241150 1
0.210954 1
1.156135 1
1.500921 1
0.355248 1
1.416717 1
0.236536 1
0.252426 1
0.133080 1
0.176678 1
0.512654 1
0.586938 1
0.319372 1
0.175471 1
0.199489 1
0.234161 1
0.089116 1
0.922509 1
0.533264 1
0.833540 1
0.364423 1
0.214904 1
1.175902 1
0.620351 1
1.108723 1
0.307797 1
0.209099 1
0.218994 1
1.337441 1
1.006565 1
0.251473 1
0.112277 1
0.199523 1
0.205679 1
0.191785 1
0.235501 1
0.193572 1
0.135796 1
0.225519 1
0.557961 1
0.304349 1
0.194448 1
0.058134 1
0.235085 1
0.341967 1
0.229307 3
0.210534 1
0.091527 1
0.340131 1
0.116253 1
0.200419 1
0.346306 4
0.167365 4
0.146852 4
0.158981 1
0.227094 1
0.361400 1
0.243070 1
0.239456 1
0.183780 1
0.186582 1
0.218119 1
0.226566 1
0.190079 19
0.000093 2
4.216644 7
0.023523 7
0.045595 7
0.018462 7
0.045792 7
0.019123 7
0.009635 7
0.031769 7
0.039469 7
0.038743 7
0.018469 7
0.029672 7
0.019066 7
0.010248 7
0.015843 7
0.016757 7
0.015511 7
0.015482 7
0.012085 7
0.016478 7
0.033448 7
0.041653 7
0.116001 7
0.015967 7
0.054426 7
0.076026 7
0.019983 7
0.445423 7
4.938170 116
0.638196 67
0.428516 1
0.512379 1
0.033038 1
0.031486 1
0.033002 1
0.031897 1
0.032099 1
0.028690 1
0.030787 1
0.038431 1
0.029718 1
0.038838 1
0.037296 1
0.030241 1
0.036049 1
0.034458 1
0.031027 1
0.032511 1
0.031762 1
0.032866 1
0.033526 1
0.027369 1
0.030524 1
0.044389 1
0.029841 1
0.029793 1
0.266051 1
0.602082 55
0.955887 11
0.003900 7
0.000026 2
0.000129 86
155.898224 83
0.053681 83
0.041564 83
0.205442 83
0.059774 83
0.091504 83
0.570452 1
0.166647 1
0.634352 1
1.741045 1
0.271357 1
2.506446 1
0.651593 1
0.393771 1
0.871904 1
0.242962 1
0.377375 4
0.224182 1
0.781929 1
0.227113 1
0.883030 2
0.158891 2
0.141488 2
0.222550 2
0.177399 2
0.102095 2
1.654764 1
1.498904 1
0.454897 1
0.498652 1
0.140610 1
0.211776 1
0.169081 1
0.174261 1
0.350912 1
0.213113 1
0.196971 1
0.193558 1
0.217298 1
0.245388 1
0.188952 1
0.085915 1
0.212520 1
0.349679 1
0.169308 1
0.214426 1
0.105414 1
0.358871 1
0.149230 1
0.306942 4
0.155258 4
0.143246 1
0.096066 1
0.345063 1
0.154511 1
0.246240 1
0.149114 1
0.176498 1
0.223120 1
0.234445 1
1.090040 11
0.003147 86
4.150833 54
1.391522 216
0.456226 1
0.512801 1
0.033501 1
0.030292 1
0.036214 1
0.029420 1
0.030630 1
0.035339 1
0.032065 1
0.030035 1
0.037984 1
0.032131 1
0.036945 1
0.035659 1
0.032150 1
0.033327 1
0.032580 1
0.033648 1
0.031359 1
0.030936 1
0.035134 1
0.033014 1
0.033747 1
0.032850 1
0.033445 1
0.033484 1
0.034394 1
0.033035 1
0.032864 1
0.030174 1
0.035926 1
0.034536 1
0.032894 1
0.032934 1
0.031292 1
0.032146 1
0.232712 3
0.457173 138
0.442778 1
0.509270 1
0.033492 1
0.030093 1
0.034778 1
0.033282 1
0.032052 1
0.029996 1
0.029681 1
0.035270 1
0.037482 1
0.035315 1
0.032677 1
0.029985 1
0.031247 1
0.034438 1
0.036548 1
0.029523 1
0.031131 1
0.029387 1
0.040251 1
0.030368 1
0.106918 1
0.200382 1
0.147402 1
0.151640 1
0.158457 1
0.159074 1
0.164852 1
0.160518 1
0.385007 5
0.238224 5
0.173589 5
0.179317 5
0.179033 5
0.165918 5
0.107801 5
0.087283 5
0.307720 5
0.160295 5
4.416713 6
0.973577 5
0.224968 6
0.187554 6
0.192400 6
0.122810 6
0.213209 6
0.130571 6
2.913177 11
0.004441 8
0.000133 78
25.715589 54
64.889642 1
0.517030 1
0.024883 1
0.033965 1
0.033234 1
0.035037 1
0.032071 1
0.030032 1
0.035167 1
0.032856 1
0.033273 1
0.030169 1
0.031172 1
0.037361 1
0.032155 1
0.033975 1
0.030808 1
0.030648 1
0.037104 1
0.031290 1
0.034130 1
0.030750 1
0.028057 1
0.032797 1
0.027981 1
0.029672 1
0.030815 1
0.033421 1
0.028530 1
0.398916 3
0.452316 5
0.438821 5
0.554163 1
0.512243 1
0.034762 1
0.030293 1
0.033111 1
0.035507 1
0.028685 1
0.036464 1
0.029745 1
0.030807 1
0.032144 1
0.038549 1
0.033090 1
0.317465 1
0.555669 5
0.343669 5
0.701562 11
0.002523 40
0.000928 86
0.917631 54
0.434384 1
0.505892 1
0.031347 1
0.040647 1
0.030988 1
0.035247 1
0.031718 1
0.033798 1
0.035421 1
0.033402 1
0.029375 1
0.035857 1
0.033290 1
0.030085 1
0.035778 1
0.034349 1
0.028968 1
0.031485 1
0.035618 1
0.030203 1
0.030627 1
0.031465 1
0.031256 1
0.038093 1
0.034115 1
0.248622 123
1.110097 138
0.613746 1
0.511248 1
0.031552 1
0.036773 1
0.033939 1
0.031881 1
0.031389 1
0.034206 1
0.033012 1
0.033019 1
0.032217 1
0.033129 1
0.032881 1
0.031143 1
0.030869 1
0.036253 1
0.032257 1
0.037257 1
0.031432 1
0.033267 1
0.032308 1
0.034899 1
0.032287 1
0.028615 1
0.037400 1
0.034065 1
0.228251 1
0.179746 1
0.496172 5
0.293895 5
0.424494 1
0.511972 1
0.033376 1
0.030430 1
0.030334 1
0.036610 1
0.037461 1
0.031179 1
0.028637 1
0.034254 1
0.030966 1
0.034216 1
0.037386 1
0.032996 1
0.032689 1
0.571454 3
0.459645 5
0.426456 5
0.568529 11
0.002597 86
15.303001 2
0.201665 2
0.153701 2
0.478136 1
0.178774 2
0.580547 4
0.166939 4
0.143991 4
0.141248 4
0.114742 4
0.539913 1
0.130381 1
0.168822 1
0.895873 4
0.372091 1
0.434644 1
0.223630 1
1.194739 1
1.262707 1
0.436517 1
0.811784 1
0.526553 1
0.813339 1
0.271570 1
1.493286 1
0.779046 1
0.293275 1
1.558367 4
2.168703 4
6.318597 3
0.366975 4
0.232692 4
0.167666 4
0.252733 4
0.535997 2
4.409164 2
0.213365 2
0.209861 2
0.322013 2
6.355797 1
0.995232 1
1.274989 1
0.751482 1
0.117333 1
0.200430 1
0.169195 1
0.158247 1
0.263559 1
0.179286 1
0.092226 1
0.193459 1
0.209938 1
0.793392 1
0.217688 1
0.105994 1
0.277553 1
0.322473 1
0.166099 1
0.229046 1
0.080425 1
0.203277 1
0.174199 1
0.123891 1
0.176832 1
0.233888 1
0.352555 1
0.203181 1
0.243779 1
0.314193 1
0.669517 11
0.003900 86
3.700491 52
0.383525 1
0.512494 1
0.031974 1
0.034084 1
0.030798 1
0.034867 1
0.033739 1
0.032174 1
0.034159 1
0.036091 1
0.031514 1
0.031889 1
0.033213 1
0.033321 1
0.033114 1
0.033419 1
0.031234 1
0.033909 1
0.033290 1
0.181817 1
0.206406 1
0.512912 1
0.033156 1
0.034054 1
0.033535 1
0.031965 1
0.030819 1
0.036098 1
0.037878 1
0.222866 1
0.240523 1
0.225859 1
0.221597 1
0.353227 1
1.175516 5
0.426496 6
0.771013 11
0.002230 32
0.000401 86
2.854514 52
0.413893 1
0.502238 1
0.033358 1
0.034354 1
0.032817 1
0.029784 1
0.036951 1
0.029761 1
0.035823 1
0.032380 1
0.036065 1
0.030728 1
0.032138 1
0.032418 1
0.031876 1
0.032771 1
0.027667 1
0.034783 1
0.033598 1
0.029377 1
0.030503 1
0.036094 1
0.036429 1
0.030381 1
0.036976 1
0.031952 1
0.035690 1
0.029308 1
0.035178 1
0.031666 1
0.039494 1
0.182138 1
0.181380 1
0.166954 1
0.395218 5
1.045831 6
0.086849 6
0.308033 5
0.173798 5
0.827848 5
0.499884 5
0.618118 1
0.839356 6
0.286915 6
1.193397 2
0.000465 9
0.002975 32
0.000022 8
0.000184 78
20.040024 2
0.201280 2
0.264421 2
0.597654 4
0.141214 4
0.121850 4
0.569332 1
0.136995 1
0.096030 1
0.789270 1
0.486366 1
0.869548 1
0.925037 1
0.342808 1
0.908791 1
0.264334 1
0.245596 1
0.922434 1
0.258592 1
1.547525 2
0.284703 2
0.091410 2
0.095633 2
0.256738 2
0.938797 1
1.385620 1
0.348950 1
0.701673 1
0.116684 1
0.193653 1
0.179673 1
0.127244 1
0.223531 1
0.171287 1
0.068126 1
0.176771 1
0.438654 1
0.239273 1
0.180216 1
0.102599 1
0.226526 1
0.606345 1
0.176726 1
0.208065 1
0.119624 1
0.135665 1
0.173450 1
0.151660 1
0.133466 1
0.250186 1
0.172159 1
0.158331 1
0.216341 1
0.238714 1
0.187262 11
0.002801 32
0.000015 78
0.000769 112
0.000157 78
26.926522 1
0.171949 1
0.272263 1
1.794921 1
0.422522 1
0.815601 1
3.227236 1
0.627667 1
0.804959 4
0.835080 1
0.912784 4
0.243410 1
0.564317 4
0.266038 1
2.128416 1
1.246068 1
0.271883 1
0.942609 1
0.388358 1
0.428536 1
0.334830 1
0.885170 1
0.269560 1
0.328688 1
0.112873 1
0.120073 1
0.193381 1
0.121123 1
0.734771 1
0.757014 1
0.376396 1
0.366894 1
0.235767 1
0.664502 1
0.327174 1
0.739538 1
0.636891 4
0.260751 1
0.219816 1
0.548062 1
0.398607 1
0.543262 1
0.424354 1
0.362337 1
0.191263 1
0.202780 1
0.803061 1
0.228705 1
0.243644 1
0.117813 1
0.219736 1
0.823818 1
0.232990 1
0.455173 1
0.251758 1
0.633074 1
0.273666 1
0.166580 1
0.196887 1
0.207316 1
0.086087 1
0.169053 1
0.236989 1
0.084412 1
0.385168 1
0.152139 1
0.251447 1
0.279236 1
1.179391 11
0.002815 60
0.000538 86
16.026823 1
0.255361 1
0.191216 1
0.091307 1
0.112922 1
0.395656 1
0.314823 1
0.286150 1
0.219692 1
0.171257 1
0.229376 1
0.124390 1
0.200027 1
0.156494 1
0.320095 1
0.210416 1
0.211588 1
0.497989 11
0.010259 86
0.874454 1
0.062924 1
0.102635 1
0.241535 1
0.117699 1
0.148544 1
0.132406 1
0.184402 1
0.174737 1
0.206616 1
0.090362 1
0.198738 1
0.137325 1
0.412315 1
0.224714 1
0.234397 1
0.446151 2
0.000587 9
0.030298 75
0.003962 29
0.000015 92
0.000271 123
0.000005 6
0.000057 260
0.000005 33
0.000011 213
0.000026 17
11.746876 6
0.000605 40
0.000693 5
0.000261 130
0.000061 38
0.000021 12
1.137091 503
0.337575 6
0.000842 50
0.011169 579
0.264841 6
0.001202 66
0.001172 8
0.001637 78
1.441131 16
0.203274 61
0.478481 77
0.503503 11
0.007592 86
2.654491 1
0.164298 1
0.173498 1
0.160498 1
0.135210 1
0.193468 1
0.100577 1
0.150118 1
0.226252 1
0.101657 1
0.198991 1
0.118249 1
0.220505 1
0.250764 1
2.040323 11
0.002438 34
0.000105 31
0.001040 8
0.000125 78
33.652024 1
0.096636 1
6.895284 1
0.151344 1
0.198743 1
0.161306 1
0.123247 1
0.231674 1
0.182815 1
0.069172 1
0.183030 1
0.393361 11
0.000436 104
1.627440 1
0.227981 1
0.208696 1
0.381510 1
0.325399 1
0.226152 1
0.244196 1
0.176066 1
0.158275 1
0.206520 1
0.706685 1
0.240828 1
0.352508 1
0.329168 1
0.173060 1
0.098202 1
0.154531 1
0.202535 1
0.127355 1
0.216335 1
0.132608 1
0.205065 1
0.261950 1
2.153028 11
0.014324 140
0.000327 96
1.530413 23
0.616613 1
2.015583 3
0.361012 1
8.584004 1
0.510490 1
0.034525 1
0.034996 1
0.032813 1
0.031747 1
0.030863 1
0.032532 1
0.028464 1
0.037557 1
0.030503 1
0.032698 1
0.031652 1
0.257529 1
0.300624 3
0.490917 5
0.626063 11
0.003965 112
0.000579 104
6.154555 1
0.163084 1
0.239647 1
0.269836 1
0.111830 1
0.999598 1
0.311153 1
0.365414 1
0.171663 1
0.201014 1
0.159266 1
1.033805 1
0.163199 1
0.214907 1
0.236745 1
0.542561 2
0.000239 9
0.001363 8
0.000030 96
0.528945 1
0.085443 1
0.075464 1
0.259818 1
0.519121 1
0.190160 1
0.123174 1
0.130049 1
0.194035 1
0.056839 1
0.201661 1
0.143379 1
0.222556 1
0.196441 1
0.091672 11
0.005614 62
0.000037 13
0.001645 121
0.000197 129
0.000078 112
0.000079 394
0.000056 17
3.654529 6
0.000477 7
0.000673 16
0.000161 17
0.000565 5
0.000767 50
0.000169 33
0.000059 47
0.000020 28
0.595322 6
0.000016 8
0.000072 202
0.000010 119
0.000011 7
0.000092 6
0.000011 143
0.000040 12
0.351373 6
0.000232 13
0.000014 37
0.013502 578
0.329095 12
0.000247 8
0.000048 12
0.001231 40
0.001361 104
0.906115 14
0.231739 53
0.449118 63
0.917385 11
0.002660 11
0.000320 113
0.000026 62
0.000810 104
17.182505 1
0.270221 1
0.237264 1
0.951919 1
0.258098 1
0.159797 1
0.315203 1
0.264160 1
0.245892 4
0.238631 1
0.762856 1
0.249682 1
0.142123 1
0.168270 1
0.256007 4
0.175845 4
0.140470 4
1.573322 4
0.288670 1
0.259246 1
0.126228 1
0.170091 1
0.203112 1
0.336181 1
0.346779 1
0.147707 1
1.024254 1
0.395909 1
0.191790 1
0.126716 1
0.127134 1
0.206144 1
0.105647 1
0.186977 1
0.183821 1
0.216486 1
0.250810 1
0.538129 11
0.002929 59
0.000278 8
0.000726 96
9.813846 1
0.194818 1
0.174001 1
0.166794 1
0.187386 1
0.279775 1
0.823960 1
0.169199 1
0.261724 1
0.815615 1
0.682380 1
0.624768 1
0.325038 1
0.307337 1
0.588695 1
0.208603 1
0.147091 1
0.117505 1
0.176878 1
0.079275 1
0.152477 1
0.161626 1
0.213695 1
0.195558 1
0.148540 11
0.001208 16
0.000561 2
0.000063 30
0.000025 9
0.000560 104
14.116873 1
0.183450 1
0.295561 1
0.203143 1
1.509659 1
0.552649 1
0.669044 1
0.265973 1
0.161384 1
0.293790 1
0.292967 1
0.280588 1
0.640627 1
0.238556 1
0.456160 1
0.160173 1
0.190487 1
0.162464 1
0.149442 1
0.096576 1
0.211391 1
0.181313 1
0.670180 19
0.000015 96
0.295801 1
0.218013 1
0.179179 1
0.292298 1
0.231484 1
0.259038 1
0.136201 1
0.177751 1
0.196341 1
0.208595 1
0.130855 1
0.201690 1
0.199480 1
0.211935 1
0.240239 1
0.806715 1
0.201386 1
0.149102 1
0.198987 1
0.123545 1
0.133048 1
0.180897 1
0.105377 1
0.176894 1
0.150704 1
0.216551 1
0.228491 1
0.346841 11
0.001047 57
0.000172 104
12.731055 1
0.189336 1
0.224381 1
0.216168 1
0.100399 1
0.215832 1
3.590835 15
0.000083 27
1.155536 143
2.166544 1
0.437422 1
1.195003 1
0.141205 1
0.153855 1
0.134973 1
0.168394 1
0.189051 1
0.231106 1
0.296357 1
0.845971 11
0.000495 104
0.408270 1
0.317532 4
0.125421 1
0.210301 1
0.182578 1
0.210944 1
0.196457 1
0.087849 1
0.432072 1
0.144890 1
0.109936 1
0.145417 1
0.102442 1
0.200812 1
0.121234 1
0.187688 1
0.448843 1
0.214712 1
0.138637 1
0.133289 1
0.166233 1
0.085061 1
0.201103 1
0.169117 1
0.211113 1
0.240506 1
1.818411 11
0.002911 146
0.000236 8
0.000945 96
26.269801 1
0.176078 1
0.232561 1
0.188423 1
0.471998 1
0.682355 1
0.487928 1
0.549945 1
0.271263 1
0.226630 1
0.096550 1
0.557847 1
0.300772 1
0.298622 1
0.734939 1
4.673571 4
0.505138 4
0.035319 4
0.035292 4
0.034645 4
0.029952 4
0.157918 4
0.192096 4
0.262845 4
1.385127 2
0.356790 5
0.172712 4
0.693515 1
0.611222 40
0.411444 127
0.000132 2
0.000019 12
2.129470 1
0.319242 1
0.197494 1
0.095396 1
0.202835 1
0.245471 4
0.157935 4
0.126244 4
0.378153 4
0.316157 1
0.330488 1
0.416271 4
0.095754 1
0.148091 1
0.158915 1
0.094526 1
0.225144 1
0.383935 1
0.247372 1
0.509864 2
0.001119 113
0.260157 1
0.195877 1
0.187393 1
0.148958 1
0.196808 1
0.082844 1
0.201386 1
0.184052 1
0.183377 1
0.097331 1
0.196534 1
0.200814 1
0.185054 1
0.227572 1
0.245859 1
0.086472 1
0.123888 1
0.193753 1
0.107478 1
0.284229 1
0.145516 1
0.208687 1
0.227956 1
1.565339 11
0.003268 11
0.000015 30
0.000112 10
0.000368 112
0.000321 104
8.987066 1
0.208906 1
0.156333 1
0.476643 1
0.001294 1
0.119277 1
0.274913 1
0.395519 1
0.173312 1
0.724545 1
0.196609 1
0.190043 1
0.120450 1
0.197653 1
0.278249 1
0.336590 1
0.227908 1
0.089979 1
0.161473 1
0.115524 1
0.272493 1
0.210110 1
0.177617 1
0.270411 1
0.255758 1
0.188843 1
0.108040 1
0.287182 4
0.143145 4
0.148738 4
0.129421 4
0.544530 1
0.256507 1
0.517303 1
0.197529 1
0.153605 1
0.206319 1
0.079669 1
0.195268 1
0.139907 1
0.208361 1
0.248424 1
1.532524 11
0.003499 62
0.000919 104
54.263614 1
0.339615 1
0.712029 1
0.112730 1
0.071065 1
1.301854 1
0.586011 1
0.074311 1
0.272241 1
0.356879 1
0.156063 1
0.558394 11
0.010924 104
0.472790 1
0.103024 1
0.061231 1
0.230729 1
0.097412 1
0.141598 1
0.093980 1
0.248167 1
0.138185 1
0.260754 1
0.392157 11
0.010038 848
8.688611 6
0.000674 40
0.000410 376
0.926678 14
0.000193 477
0.000003 12
0.303942 56
0.017676 580
0.323181 72
0.000260 104
0.526155 1
0.277921 1
0.144891 1
0.184059 1
0.069613 1
1.379162 1
0.956968 1
0.139478 1
0.349949 4
0.156269 4
0.191645 1
0.129175 1
0.475532 1
0.287171 1
0.088393 1
0.151715 1
0.121705 1
0.255327 1
1.324345 11
0.012509 104
0.632552 1
0.081268 1
0.069095 1
0.267517 1
0.781485 1
0.816313 1
0.460495 4
0.239046 4
0.187254 4
0.156415 4
0.143563 4
0.120409 4
0.138558 1
0.304098 1
0.196998 1
0.093169 1
1.015430 4
0.146662 4
0.227228 1
0.312438 1
0.482204 1
0.450767 1
0.114892 1
0.306618 1
0.777207 11
0.027379 43
0.000092 8
0.000009 96
11.218407 7
0.183310 21
0.370305 40
0.201746 37
0.346234 37
0.362042 11
0.007609 8
0.001254 67
0.001007 57
0.000163 14
0.000037 33
0.000031 14
0.000029 6
0.001121 3
0.000050 120
0.000171 6
0.000022 6
0.000061 106
0.000063 148
0.000051 33
0.001181 213
0.000028 5
0.000051 21
0.000053 96
0.000295 996
1.632325 2683
0.029388 2707
62.371962 6
0.000683 65
0.000763 104
1.151239 1
0.199630 1
0.236078 1
0.099222 1
0.110073 1
22.983150 1
0.194935 1
0.064976 1
0.120707 4
0.191209 4
1.781692 1
0.121487 1
0.173526 1
0.058735 1
0.142286 1
0.273804 1
0.085815 1
0.439923 4
0.164988 4
0.383792 1
0.223354 1
0.203925 1
0.166773 11
0.013925 104
1.420169 1
0.104678 1
0.045480 1
0.209114 1
0.095993 1
0.217920 1
0.112777 1
0.214932 1
0.166507 1
0.179969 1
0.154753 1
0.218179 1
0.201269 1
0.144454 2
0.001402 9
0.006400 8
0.000936 67
0.000488 63
0.000116 52
0.000054 6
0.000987 210
0.000105 118
0.000011 116
0.000132 301
0.000045 304
0.000148 17
0.855159 14
2.462176 30
0.002174 4085
0.987431 6
0.000185 17
0.054016 21
0.000257 21
0.000149 21
0.000848 23
0.037799 6
0.000217 16
0.023047 22
0.020970 6
0.001043 23
0.000439 234
0.000022 211
0.000054 177
0.000013 16
0.000013 179
0.000220 207
0.019245 6
0.000175 12
0.000083 11
0.000051 33
0.000037 169
0.000035 201
0.000005 179
0.000029 22
0.000035 196
0.000061 185
0.024539 245
0.000023 6
0.000110 12
0.000066 11
0.000022 17
0.000014 16
0.000018 189
0.000011 22
0.000016 179
0.000018 22
0.000017 179
0.000013 16
0.000048 189
0.000010 6
0.029980 18
0.000120 11
0.000059 17
0.000028 16
0.000029 189
0.000017 22
0.000027 179
0.000023 22
0.000025 189
0.000018 22
0.000025 179
0.000018 22
0.000073 179
0.000017 6
0.041193 18
0.000079 11
0.000030 17
0.000036 16
0.000160 1039
0.387987 6
0.001287 1065
0.014865 6
0.007922 23
0.000067 17
0.000024 16
0.000032 179
0.000029 22
0.000032 179
0.000029 22
0.000033 181
0.000052 22
0.000014 189
0.000116 22
0.000027 179
0.000015 6
0.012367 18
0.000123 11
0.000041 17
0.000015 16
0.000021 168
0.000011 16
0.000019 189
0.000014 22
0.000020 189
0.000011 22
0.000058 369
0.015736 6
0.000215 12
0.000043 11
0.000008 17
0.000016 16
0.000006 400
0.000005 22
0.000060 201
0.000074 385
0.017247 18
0.000065 11
0.000036 17
0.000019 16
0.000020 180
0.000017 22
0.000019 189
0.000014 22
0.000017 189
0.000011 22
0.000021 189
0.000011 22
0.000053 189
0.000020 6
0.023058 18
0.000069 11
0.000036 17
0.000015 16
0.000018 179
0.000014 22
0.000017 179
0.000012 22
0.000016 179
0.000013 22
0.000017 189
0.000013 22
0.000048 179
0.000011 6
0.547808 14
0.000047 13
0.000046 48
0.000038 56
0.000051 53
0.000039 34
0.000037 15
0.000038 13
0.000037 48
0.000043 54
0.000097 37
0.000064 236
1.372211 14
0.000057 5
0.000075 37
0.017307 910
0.343006 11
0.000068 8
0.000046 12
0.000093 32
0.000050 8
0.003410 8
0.000030 96
2.207448 1
0.128079 1
0.197696 1
0.062859 1
0.117215 1
0.503536 1
0.268939 1
0.206912 1
0.315869 1
0.333848 1
0.141562 1
0.187058 1
1.466186 4
0.191789 4
0.762663 1
0.270111 1
0.228863 2
0.000653 9
0.002444 104
0.335796 1
0.101748 1
0.069850 1
0.229348 1
0.142779 1
0.367199 1
0.184494 1
0.198768 1
0.515858 1
0.273463 1
0.159322 1
0.669280 11
0.008628 75
0.000027 29
0.003296 92
0.000717 3
0.000124 201
0.000659 862
17.577714 32
0.000553 1201
4248.717757 32
0.002729 36
0.003404 2024
190.103463 6
0.001064 29
0.001658 1330
0.000089 12
1.574165 6
0.003811 373
0.000286 242
0.653835 6
0.000604 50
0.012635 912
0.462567 20
0.001172 52
0.000776 104
1.078308 11
0.398775 41
1.147591 41
0.193887 14
0.156607 1
0.137028 1
0.899281 1
0.207109 1
0.226859 1
0.211471 1
0.100874 1
0.302837 1
0.247108 1
0.228500 1
0.288576 1
0.218776 1
0.404247 1
0.460473 1
0.235268 1
0.153116 1
0.319641 1
1.211116 11
0.017371 127
0.000105 8
0.000077 96
5.427822 15
0.533502 1
0.506783 1
0.031071 1
0.542072 11
0.139444 11
0.101914 7
0.178837 7
0.444243 11
0.003386 104
3.076068 1
0.187982 1
0.478226 1
0.257586 1
0.274102 1
0.278588 4
0.146307 4
0.442786 1
0.232855 1
0.200174 1
0.158037 1
0.306932 1
0.608730 11
0.003808 28
1.493596 38
0.005728 168
0.000543 2
0.000121 180
0.000182 287
0.000030 2
0.000050 164
0.000038 2
0.000066 234
0.000071 243
0.000060 2
0.000024 246
0.000062 2
0.000025 240
0.000327 2
0.000568 216
0.000008 2
0.000012 217
0.000008 2
0.000010 229
0.000010 2
0.000014 237
0.000008 2
0.000013 239
0.000011 2
0.000011 237
0.000009 2
0.000012 211
0.000011 2
0.000049 243
0.000012 2
0.000011 237
0.000008 2
0.000153 186
0.000027 2
0.000079 234
0.000009 2
0.000067 2
0.000011 39
0.000009 2
0.000462 104
40.426414 8
0.582528 23
0.600814 10
0.406475 30
0.791368 11
0.006221 8
0.000739 191
0.000168 3
0.000040 207
0.000058 43
0.000003 75
0.000013 116
0.000002 37
0.000014 192
0.000010 37
0.000002 35
0.000013 154
0.000002 150
0.000454 26
0.000031 59
0.000067 282
0.000020 73
0.000033 301
0.000015 8
0.000024 68
0.000023 88
0.000018 27
0.000021 32
0.000028 147
0.000023 25
0.000023 12
0.000017 27
0.000026 98
0.000017 12
0.000017 39
0.000012 11
0.000013 12
124.256333 6
0.000061 8
0.000136 13
0.000012 48
0.000003 56
0.000014 53
0.000002 34
0.000010 28
0.000010 102
0.000010 31
0.000219 224
0.000009 18
0.413464 6
0.000246 13
0.000936 37
0.010886 888
0.434706 11
0.000144 8
0.000022 12
0.000011 32
0.000017 8
0.000524 104
6.708419 2
0.062224 2
0.362508 4
0.160813 4
1.031081 2
0.082085 2
0.216798 2
0.109921 2
0.280939 4
0.144603 4
0.155347 4
0.141303 4
0.537814 1
0.133311 1
0.209848 1
0.078360 1
0.111568 1
21.440844 1
0.240336 1
0.708218 1
0.360246 1
0.319252 1
0.267257 1
0.529035 1
138.265228 1
0.324483 4
1.039462 1
0.257139 4
0.155072 1
0.160666 4
0.147424 1
0.108199 4
0.122719 1
0.122040 4
0.100942 1
0.120083 4
0.106795 1
0.158937 4
0.113550 1
0.126277 4
0.118806 1
0.117919 4
0.113088 1
0.101346 4
0.117360 1
0.113478 4
0.111745 1
0.111311 4
0.098263 1
0.110930 4
0.138963 1
0.086670 4
0.152472 1
0.123281 4
0.089626 1
0.135927 4
0.079588 1
0.123667 4
0.081008 1
0.122911 4
0.075414 1
0.104845 4
0.076955 1
0.103480 4
0.094921 1
0.091283 4
0.111684 1
0.069332 4
0.122349 1
0.048146 4
0.150757 1
0.019426 4
0.163270 4
0.015075 1
0.156571 4
0.059644 1
0.155372 4
0.769691 1
0.360008 1
0.169029 1
0.089376 1
0.161001 4
0.173765 4
0.419353 4
1.059469 1
0.412529 4
0.205708 4
0.431370 4
0.176629 4
0.156201 4
0.169938 4
0.167210 4
0.934398 1
0.227994 1
0.218583 1
0.225766 1
0.150787 1
0.196071 1
0.277543 1
0.803444 2
0.000041 9
0.002615 104
0.794529 1
0.064486 1
0.110409 1
0.227891 1
0.135762 1
0.267865 1
0.090160 1
0.186195 1
0.080663 1
0.123119 1
0.614985 4
0.477320 4
0.179125 4
0.151410 4
0.131506 4
0.151384 1
0.222430 1
0.227296 1
0.226350 1
0.136503 1
0.159978 1
0.249176 1
0.361831 11
0.005300 8
0.000922 1254
0.931206 14
0.000057 16
0.000039 17
0.001780 5
0.000027 27
0.000015 29
0.000015 86
0.000018 161
0.000015 65
0.000013 67
0.000012 67
0.000014 101
0.000017 185
0.000019 144
0.000016 36
0.000016 13
0.000017 60
0.000013 54
0.000114 68
0.000022 85
0.000109 50
0.000019 126
0.000023 132
0.000012 6
0.000009 11
0.000010 12
1.171042 14
0.000050 13
0.000047 48
0.000038 56
0.000050 53
0.000040 34
0.000037 15
0.000034 13
0.000153 102
0.000021 31
0.000094 6
0.000046 218
0.000032 6
0.000143 12
0.821320 6
0.000407 13
0.000215 37
0.010437 910
0.304027 12
0.000067 8
0.000056 12
0.000108 32
0.000049 8
0.000920 8
0.000069 96
8.839749 1
0.159014 1
0.186291 1
0.188622 1
0.070941 1
0.559371 1
0.251532 1
0.275201 4
0.176707 1
0.220536 1
0.328469 1
0.182771 1
0.210836 1
0.221654 1
0.197545 1
0.129963 1
0.130239 1
0.235367 1
0.195441 11
0.002510 104
0.490016 1
0.199802 1
0.499131 1
0.182091 1
0.198163 1
0.213426 1
0.146783 1
0.155177 1
0.251013 1
0.307279 11
0.002031 124
2.191668 1
0.318473 1
1.552777 1
0.443577 1
0.330574 3
0.962389 1
0.585188 1
1.520438 1
0.360804 2
2.180313 1
0.342900 2
0.241714 1
0.272839 2
0.000505 112
0.000403 104
2.946132 9
0.563385 11
0.002639 124
2.887299 1
0.170366 1
0.351924 2
0.334805 1
0.776423 2
1.062312 1
0.436422 55
0.000381 59
0.000496 104
34.855743 9
0.205157 25
0.215178 48
0.523603 11
0.007477 75
0.000015 29
0.000008 28
0.000008 6
0.000181 40
0.000013 19
0.001610 328
0.000014 153
0.000187 229
0.000139 35
0.000101 304
0.000738 32
0.000037 29
0.000011 312
0.000010 67
0.000044 67
0.000012 286
0.000009 144
0.000024 36
0.000011 73
0.000008 54
0.000058 153
0.000013 176
0.000009 132
0.000009 11
0.000009 23
154.431236 621
0.599448 6
0.000311 13
0.000015 37
0.012010 886
0.257537 71
0.000656 8
0.000017 96
0.868401 2
0.164699 2
0.180458 2
0.095987 2
0.112177 2
0.077235 1
0.148312 2
0.235234 4
0.507133 4
0.032087 4
0.032214 4
0.030570 4
0.034432 4
0.035513 4
0.030255 1
0.030180 1
0.037005 1
0.030357 1
0.263412 1
0.378443 4
0.188076 1
0.564980 1
0.111941 1
0.186992 1
0.068242 1
0.120337 1
0.121876 1
0.123183 1
0.196486 1
0.213399 1
0.232234 1
0.093744 1
0.198085 1
0.111325 1
0.222710 1
0.233589 1
0.111278 2
0.000736 9
0.003604 8
0.000367 96
1.321950 1
0.063960 1
0.093081 1
0.195158 1
0.088875 1
0.161232 1
0.176747 1
0.230573 1
0.486220 1
0.014912 1
0.274714 4
0.417460 1
0.334484 1
0.234340 1
0.223454 1
0.238089 1
0.564141 11
0.008685 1262
12.798945 32
0.000112 36
0.000028 36
0.000017 8
0.000022 7
0.000024 7
0.000045 126
0.000069 506
0.000017 6
0.000016 12
0.000013 5
0.000010 6
0.000013 12
0.025249 68
0.000025 36
0.000017 8
0.000017 7
0.000010 7
0.000038 119
0.000059 455
0.000016 6
0.000011 12
0.000004 5
0.000015 18
0.019578 68
0.000033 36
0.000019 8
0.000025 7
0.000010 7
0.000042 125
0.000074 512
0.000011 12
0.000004 5
0.000016 18
3.039470 35
0.001764 12
0.000053 6
0.247831 18
0.000072 1
0.209922 6
0.000024 12
0.000064 1
0.595124 6
0.000178 17
0.513749 19
0.238066 19
0.227523 19
0.575903 23
1.068489 18
0.000058 1
0.120782 18
0.000057 1
0.255757 18
0.000089 1
0.787993 6
0.000149 17
0.535795 6
0.000134 13
0.393250 18
0.000054 1
0.233593 6
0.000099 12
0.000180 1
1.037222 11
0.000044 12
0.492470 18
0.000056 1
0.167029 6
0.000610 13
0.137851 6
0.000161 12
0.000053 1
2.910841 342
0.000744 160
0.313302 6
0.001028 50
0.012646 577
0.288589 72
0.000992 8
0.000167 96
1.085212 1
0.211497 1
0.167203 1
0.178120 1
4.418106 43
0.901842 71
0.509494 4
0.030570 4
0.035415 4
0.033839 4
0.030213 4
0.038238 4
0.032734 4
0.029545 4
0.032522 4
0.030096 4
0.036651 4
0.029533 4
0.038330 4
0.031478 4
0.031338 4
0.031848 4
0.031819 4
0.037470 4
0.033664 4
0.033661 4
0.033883 4
0.034114 4
0.030691 4
0.031351 4
0.029388 4
0.033411 4
0.033260 4
0.032280 4
0.030374 4
0.033146 4
0.034857 4
0.034260 4
0.030801 4
0.031997 4
0.036804 4
0.037942 4
0.035916 4
0.029224 1
0.030772 1
0.036504 1
0.037069 1
0.033313 1
0.556389 43
1.425628 79
0.008298 33
0.000032 96
62.588760 80
1.311340 483
0.000025 11
0.005682 3
0.000365 7
0.000103 7
0.000052 2
0.000049 3
0.000035 2
0.001161 7
0.000117 2
0.000650 104
30.219544 66
0.640282 168
0.002171 10
0.000014 14
0.000010 7
0.000084 2
0.000384 104
10.656536 53
0.436669 155
0.002540 9
0.000815 36
0.000030 104
9.480856 44
0.325445 1
0.500563 1
0.043410 1
0.034194 1
0.029344 1
0.033376 1
0.033808 1
0.031519 1
0.032543 1
0.030913 1
0.028626 1
0.030396 1
0.031231 1
0.030574 1
0.037973 1
0.036472 1
0.030435 1
1.301090 3
0.261084 3
0.180990 3
0.398793 5
1.371555 11
0.002961 47
0.000308 104
2.032657 45
0.318485 1
0.500132 1
0.028202 1
0.041508 1
0.037912 1
0.031320 1
0.031966 1
0.036508 1
0.030206 1
0.030322 1
0.031876 1
0.036093 1
0.176341 1
0.199270 1
0.405846 5
0.322394 1
1.063758 5
0.413499 11
0.003420 47
0.000678 104
15.474074 2
0.075227 2
0.091161 2
0.492504 2
0.014268 4
0.168136 4
0.159685 4
0.128789 4
0.797809 1
0.056246 1
0.106155 1
0.258443 1
0.133128 1
0.119870 1
0.187983 1
0.220252 1
0.243752 1
0.121718 1
0.174918 1
0.121263 1
0.213061 1
0.221168 1
0.094096 11
0.006746 8
0.000614 67
0.000236 121
0.000301 240
0.000024 181
0.000044 213
0.000018 57
64.255038 6
0.000457 25
0.000323 40
0.000421 104
0.596875 2
0.215160 4
0.179480 2
0.248005 4
0.551169 1
0.119249 1
0.098755 1
0.134823 1
0.196088 11
0.000377 6
