0.017297 14
0.021054 86
22.588175 1
0.064360 1
0.091766 1
0.223211 1
1.270896 1
0.338836 1
0.644222 1
0.144574 1
0.268380 1
0.311352 11
0.008105 75
0.000485 63
0.000124 41
0.000049 20
0.001954 534
0.001404 980
2.169970 68
0.000075 36
0.000047 8
0.000050 7
0.000024 7
0.000160 103
0.000834 1386
0.000054 6
0.000013 12
0.000084 11
0.000025 12
0.080188 32
0.000587 36
0.000191 1521
0.000214 8
0.000091 7
0.000033 7
0.000361 39
0.000986 429
0.000070 41
0.064788 68
0.000456 1522
0.000052 8
0.000059 7
0.000027 7
0.000112 49
0.000856 429
0.000036 18
0.000013 5
0.000051 18
0.049655 32
0.000432 36
0.000399 1523
0.000046 22
0.000044 39
0.000704 474
0.000007 6
0.000011 12
0.039535 68
0.000307 1552
0.000072 8
0.000044 7
0.000014 7
0.000060 49
0.000387 437
0.000014 6
0.000018 12
0.000019 5
0.000013 6
0.000017 12
0.025720 68
0.000432 1553
0.000243 8
0.000786 52
0.000387 498
0.038772 32
0.000169 36
0.000266 1364
0.000009 14
0.000355 38
0.000445 455
0.000008 11
0.000034 12
0.017427 32
0.000193 36
0.000259 1596
0.000009 49
0.000661 478
0.014686 68
0.000231 1575
0.000006 8
0.000046 14
0.000077 38
0.000546 443
0.000005 35
0.036474 32
0.000125 36
0.000210 1366
0.000847 530
0.113624 1715
0.000568 478
89.553671 6
0.002191 13
0.000037 138
19.579490 1
0.179731 1
0.089735 1
0.733644 1
1.607826 4
0.163078 4
0.143735 4
0.101209 4
0.250761 1
0.107442 1
0.237007 1
0.087457 1
0.116355 1
2.797942 1
0.192183 1
0.200245 1
0.203624 1
0.361929 1
2.507064 11
0.002649 86
0.783912 1
0.162540 1
0.278968 1
0.383898 1
0.332327 1
0.213943 1
0.096043 1
0.181423 1
0.334543 1
1.091386 11
0.006140 8
0.000410 54
0.000018 7
0.000078 6
0.001008 29
0.000461 28
0.000044 6
0.000223 8
0.000088 32
0.000086 12
0.000459 6
0.001788 3
0.000086 105
0.000086 6
0.000309 6
0.000112 106
0.000112 113
0.000150 33
0.000036 179
0.000598 5
0.000026 12
0.976140 6
0.002133 39
0.002150 5
0.000083 21
0.000058 58
0.000199 115
0.000072 136
0.000079 186
0.000064 96
0.000069 91
0.000063 111
0.000066 84
0.000063 21
0.000069 91
0.000063 20
0.000057 9
0.000071 108
0.000059 14
0.000060 11
0.000045 12
1.592341 6
0.000546 464
0.389051 56
0.010570 7
0.000195 15
0.000027 14
0.002521 43
0.000239 6
0.000034 8
0.000081 70
0.000072 103
0.000062 14
0.000083 212
0.000066 12
0.000098 7
0.312699 12
0.000259 8
0.000341 12
0.000045 32
0.000138 8
0.000913 8
0.000015 78
3.647398 1
0.350403 1
0.374533 1
0.174754 1
0.072664 1
0.161720 1
0.227657 1
0.202841 1
0.401160 1
1.913012 1
0.545440 1
0.163858 1
0.340513 1
0.386342 11
0.003431 86
1.819727 1
0.206066 1
0.697381 1
0.179647 1
0.130209 1
0.320103 1
0.524146 11
0.002629 38
1.286940 1
0.361728 2
0.000076 38
0.003475 2
0.000281 8
0.000067 78
0.955016 6
0.602569 11
0.005174 38
1.473607 1
0.118650 1
0.347931 2
0.001129 40
0.000335 86
0.776771 6
0.637518 11
0.003679 38
0.613066 1
0.252277 2
0.002084 66
0.000022 78
1.710976 2
1.168870 4
21.531988 6
0.192266 19
0.162427 36
0.997962 11
0.008433 8
0.001009 67
0.000447 29
0.000012 28
0.000687 65
0.001065 3
0.000017 105
0.000014 6
0.000186 6
0.000045 106
0.000044 113
0.000011 33
0.000059 179
0.001977 5
0.000022 79
0.000077 115
0.000048 136
0.000147 186
0.000022 382
0.000015 21
0.000104 111
0.000048 9
0.000051 127
0.000025 11
0.000042 12
14.930225 6
0.001021 5
0.000588 146
2.052887 1
0.122022 1
0.214130 1
0.086210 1
0.105409 1
0.164458 1
0.182379 1
0.121227 1
0.148867 1
0.282068 1
1.203215 11
0.003308 8
0.000017 78
85.640805 1
0.050245 1
0.121524 1
0.211450 1
0.152408 1
0.168691 1
0.119042 1
0.139942 1
0.174940 1
0.362509 11
0.007288 8
0.001929 188
0.000557 3
0.000018 111
0.000130 6
0.000017 106
0.000017 113
0.000024 33
0.000018 179
0.000097 17
1.894437 6
0.001855 39
0.001947 1128
1.213808 470
0.380973 6
0.000580 13
0.000086 37
0.012795 7
0.000565 505
19.733339 72
0.001553 8
0.000042 78
1.618889 9
0.177374 33
0.448575 23
0.237874 1
0.376825 18
0.220009 1
0.260859 18
0.211836 1
0.507958 1
0.171363 1
0.705216 11
0.148204 7
0.408050 2
0.000031 9
0.003193 86
1.159902 1
0.188379 1
0.201548 1
0.461276 1
0.178671 1
0.292824 1
1.402525 2
0.000056 9
0.005183 69
0.350241 1
0.368854 47
0.000481 2
0.000350 8
0.000077 78
1.778916 6
0.622195 11
0.001596 69
2.802485 1
0.776408 2
0.001845 134
2.518524 6
0.266972 2
0.000581 9
0.002854 69
1.457135 1
0.243428 2
0.000529 82
0.003117 2
0.000878 86
247.978818 1
0.120609 1
0.225113 1
0.080614 1
0.503148 1
1.528941 1
0.143206 1
0.249210 1
0.237686 1
0.429113 1
2.414106 11
0.011989 86
1.074896 1
0.123448 1
0.085576 1
0.248549 1
0.227883 1
0.194063 1
0.158950 1
0.148456 1
0.357374 1
0.325463 11
0.008765 8
0.002648 67
0.000375 29
0.000018 28
0.000319 46
0.000017 18
0.002244 3
0.001387 565
4.138273 6
0.001469 39
0.005417 1551
10.126476 21
0.508560 21
0.025150 21
0.040037 21
0.019467 21
0.034317 21
0.030505 21
0.022027 21
0.030545 21
0.032274 21
0.026609 21
0.303187 19
0.302190 19
0.214933 23
0.419742 19
0.234279 19
0.206052 19
0.179062 21
0.500468 21
0.036510 18
0.000079 3
0.023543 21
0.032327 18
0.000077 3
0.027528 18
0.000131 3
0.035387 18
0.000064 3
0.025281 18
0.000071 3
0.029189 18
0.000114 3
0.029428 18
0.000081 3
0.032983 18
0.000081 3
0.026917 18
0.000080 3
0.031180 21
0.037667 18
0.000073 3
0.024626 18
0.000059 3
0.029289 18
0.000097 3
0.029696 18
0.000066 3
0.031082 18
0.000073 3
0.026045 18
0.000080 3
0.030892 21
0.031695 18
0.000072 3
0.027217 18
0.000080 3
0.034570 18
0.000103 3
0.031752 18
0.000126 3
0.023852 18
0.000084 3
0.035837 18
0.000130 3
0.024323 18
0.000066 3
0.031045 18
0.000070 3
0.030853 18
0.000166 3
0.026064 6
0.000021 12
0.000301 3
0.030608 18
0.000070 3
0.032090 18
0.000067 3
0.028686 18
0.000068 3
0.031813 18
0.000296 3
0.026047 18
0.000074 3
0.031303 18
0.000078 3
0.038851 18
0.000402 3
0.024964 6
0.000355 12
0.000331 3
0.025337 6
0.001395 12
0.000034 3
0.026937 6
0.000022 12
0.000065 3
0.031000 6
0.000017 12
0.000080 3
0.031372 6
0.000312 12
0.000024 3
0.032988 21
0.026009 18
0.000446 3
0.028536 21
0.032311 6
0.000087 15
0.030117 21
0.029140 21
0.033911 21
0.026400 21
0.027929 21
0.030850 21
0.029706 21
0.036011 6
0.000137 15
0.023967 21
0.034574 18
0.000061 3
0.027209 21
0.028345 21
0.030591 6
0.001076 15
0.032453 21
0.026815 21
0.037481 21
0.023302 21
0.034254 21
0.023227 21
0.029532 21
0.030088 18
0.000066 3
0.040971 18
0.000253 3
0.023386 18
0.000010 3
0.032703 6
0.000010 15
0.030175 6
0.000131 15
0.027858 6
0.000071 15
0.030831 6
0.000038 12
0.000116 3
0.035462 6
0.000040 12
0.000044 3
0.017827 6
0.000028 12
0.000007 3
0.042293 6
0.000059 12
0.000007 3
0.024848 21
0.036046 21
0.016667 21
0.045608 44
0.014683 18
0.000211 3
0.030022 6
0.000372 12
0.000011 3
0.039495 6
0.001320 191
0.639275 6
0.003537 12
0.000008 3
0.000013 10
0.000004 15
0.880883 18
0.000085 1
0.574520 21
0.626785 21
0.235926 18
0.000383 1
0.000054 2
0.629842 23
0.000017 160
0.295343 6
0.000139 12
0.000052 3
0.183872 6
0.000094 12
0.000036 1
0.000046 2
0.507052 6
0.000315 34
0.024221 6
0.000103 12
0.000044 1
0.000010 2
0.029172 6
0.000203 15
0.029388 6
0.000178 13
0.000032 2
0.031433 6
0.000338 15
0.035336 6
0.000214 12
0.000094 22
0.022835 6
0.000155 12
0.000012 3
0.029496 6
0.000170 12
0.000154 3
0.033426 21
0.032754 6
0.003053 15
0.020780 18
0.000139 1
0.000101 2
0.042648 6
0.000879 15
0.019096 21
0.027515 21
0.029849 18
0.000169 1
0.000055 2
0.029072 18
0.000091 1
0.000047 2
0.031972 21
0.031058 18
0.000306 3
0.030827 6
0.000104 12
0.000124 22
0.029962 6
0.000019 15
0.030082 21
0.029956 21
0.030108 6
0.000420 12
0.000010 1
0.000009 2
0.028038 6
0.000319 12
0.000060 1
0.000110 2
0.034235 6
0.000245 12
0.000838 3
0.021298 6
0.000014 12
0.000070 1
0.000061 2
0.031047 6
0.000195 12
0.000141 3
0.028766 6
0.000137 12
0.000018 3
0.036266 6
0.000110 12
0.000019 3
0.029193 6
0.000228 12
0.000074 2
0.000019 20
0.033617 6
0.000230 15
0.019928 6
0.000231 12
0.000093 3
0.032640 18
0.000086 1
0.000116 2
0.026234 6
0.000304 12
0.001783 3
0.028673 6
0.000298 12
0.000070 3
0.029066 6
0.000280 13
0.000088 2
0.035830 6
0.000413 13
0.000025 2
0.023708 6
0.000255 12
0.000131 1
0.002589 2
0.028161 6
0.000022 15
0.030232 6
0.000361 12
0.000130 1
0.000096 2
0.031420 18
0.000138 2
0.000188 20
0.027659 21
0.029491 6
0.000213 12
0.000059 1
0.000037 2
0.033953 18
0.000067 1
0.000072 2
0.023917 18
0.000038 1
0.000020 2
0.036677 21
0.031824 6
0.000234 15
0.020759 18
0.000073 1
0.000035 2
0.034289 21
0.030763 18
0.000272 3
0.024902 6
0.000141 12
0.000368 22
0.038501 6
0.000765 15
0.021428 6
0.000114 12
0.000063 3
0.030448 6
0.000134 12
0.000044 22
0.027926 6
0.000119 12
0.000107 3
0.030104 6
0.000121 12
0.000201 3
0.032940 6
0.000123 12
0.000147 3
0.033470 21
0.024892 18
0.000221 3
0.158756 21
0.506469 18
0.000079 1
0.000047 2
0.031939 18
0.000068 1
0.000049 2
0.035022 40
0.021259 21
0.030736 21
0.028022 6
0.000126 12
0.000132 3
0.028512 21
0.027463 21
0.034078 21
0.033477 6
0.000057 15
0.025538 21
0.038632 21
0.177238 21
0.222536 40
0.233683 21
0.215432 43
0.389606 6
0.000071 15
0.251761 6
0.000889 15
0.226117 21
0.197978 21
0.205582 18
0.000073 1
0.000051 2
0.221919 6
0.001092 15
0.209297 6
0.001997 12
0.000069 1
0.000717 2
0.252661 18
0.000073 1
0.000048 3
0.378360 21
0.000075 16
0.000044 12
1.568916 470
3.097433 14
0.000178 5
0.000422 37
0.010121 28
0.000030 464
0.000059 12
0.000010 8
15.153560 6
0.000470 6
0.001117 8
0.000045 52
0.000552 86
1.396204 9
0.176586 33
0.427722 20
0.242630 1
0.248173 18
0.260179 1
0.536260 1
0.179449 1
0.315848 11
0.090772 7
5.077594 2
0.000699 9
0.009372 86
4.833397 1
0.224261 1
0.486557 1
0.140839 1
0.115403 1
0.330226 1
0.272583 11
0.003750 78
0.020504 72
0.000111 78
51.073664 1
0.116959 1
0.168483 1
0.130741 1
0.060200 1
0.490432 1
0.194327 1
0.145029 1
0.199631 1
0.302284 1
0.593937 11
0.013376 8
0.000247 78
0.336843 1
0.018314 1
0.082336 1
0.456385 4
0.157896 4
0.140266 4
0.184341 1
0.317852 1
0.079466 1
0.125382 1
0.212959 1
0.282204 1
0.352094 1
0.193035 1
0.143962 1
0.292570 1
1.391146 11
0.016257 8
0.002506 96
0.001303 28
0.000156 6
0.000180 8
0.000039 32
0.001578 586
0.799919 13
0.000558 16
0.000166 16
0.001983 5
0.000146 21
0.000061 110
0.000053 74
0.000137 123
0.001985 188
0.000057 71
0.000036 16
0.000031 11
0.000036 12
18.498294 14
0.000728 48
0.000024 261
0.000231 147
0.313498 6
0.000645 8
0.000782 42
0.010673 7
0.000279 29
0.000013 474
0.278616 6
0.000522 14
0.000028 52
0.000608 8
0.000020 78
0.752982 9
0.179186 33
0.354593 20
0.462334 19
0.325389 1
0.345347 1
0.180933 1
0.352020 11
0.101885 7
0.390581 11
0.004236 8
0.000034 78
2.765451 1
0.195425 1
0.334169 1
0.286813 1
0.401671 4
0.238533 1
0.096156 1
0.253985 1
1.134350 2
0.002729 9
0.001103 95
0.041531 10
0.000039 2
0.004736 11
0.000034 2
0.001151 8
0.000109 78
27.056576 1
0.101676 1
0.202749 1
0.100503 1
0.071171 1
0.159001 1
0.199016 1
0.099011 1
0.169769 1
0.276452 1
0.194335 11
0.003137 8
0.000026 78
0.375832 1
0.094783 1
0.083093 1
0.282264 1
0.374314 1
0.239979 4
0.138005 4
0.530205 1
0.157234 1
0.209479 1
0.043231 1
0.185436 1
0.283500 1
0.524675 11
0.006262 8
0.001262 130
0.000333 40
0.002015 18
0.000495 108
0.000045 6
0.000092 6
0.000016 106
0.000043 113
0.000019 212
0.000068 17
12.874875 6
0.002909 23
0.000015 16
0.001373 5
0.000020 253
0.000010 53
0.000145 111
0.000061 210
0.000025 95
0.000016 21
0.000011 97
0.000129 14
0.000028 23
1.142240 6
0.000059 12
0.000035 5
0.024903 6
0.000030 16
0.014343 22
0.030287 22
0.017811 6
0.000719 245
0.030819 186
0.037161 231
0.413849 270
0.025204 239
0.025226 74
0.012264 18
0.023341 18
0.043799 18
0.665576 6
0.000800 16
0.077010 18
0.000055 4
0.615028 6
0.000016 18
0.265481 6
0.000859 931
0.482113 6
0.000583 17
0.034428 22
0.026930 22
0.040070 18
0.000120 3
0.000022 6
0.000117 12
0.000034 4
0.046918 288
0.086088 6
0.001331 40
0.000035 201
0.202307 95
0.018008 394
0.016429 18
0.000091 11
0.000053 17
0.000061 80
0.000094 112
0.007330 6
0.000179 23
0.000045 17
0.000069 17
0.000033 11
0.014373 18
0.009590 18
0.024549 18
0.365728 18
1.917098 68
0.000132 36
0.000036 8
0.000066 7
0.000014 7
0.000182 112
0.000723 2051
0.034643 32
0.000296 36
0.000983 2162
0.000284 7
0.000023 58
0.001996 351
0.000049 6
0.000074 12
0.000237 5
0.000029 18
0.035066 68
0.000296 2048
0.000021 225
0.000072 8
0.000047 7
0.000097 7
0.000010 39
0.000793 444
0.000024 6
0.000026 12
0.000028 5
0.000021 6
0.000036 12
0.017730 32
0.000174 36
0.001237 2894
0.000108 6
0.000042 12
0.000021 5
0.000014 6
0.000018 12
0.014795 32
0.000158 36
0.004464 2894
0.004067 41
0.033770 2977
0.000040 6
0.000025 12
0.000029 5
0.000014 6
0.000018 12
0.198718 68
0.000493 2393
0.000043 8
0.000016 14
0.001265 38
0.000433 444
0.000287 18
0.000011 5
0.000008 6
0.000108 12
16.341800 6
0.000145 472
0.298429 56
0.009943 28
0.000015 57
0.000253 413
0.002289 17
0.493636 6
0.000215 13
0.000051 44
0.000087 8
0.001619 8
0.000137 78
1.857451 1
0.240684 1
0.122276 1
0.183617 1
0.074793 1
0.131326 1
0.225110 1
0.236363 1
0.409063 1
0.159017 1
0.151094 1
0.158768 1
0.269090 1
0.419777 11
0.004028 86
1.363826 1
0.162402 1
0.168598 1
0.206843 1
0.135747 1
0.288760 1
2.778098 2
0.000594 9
0.002910 34
0.918167 1
0.079941 1
0.200865 1
0.138486 1
0.175037 1
0.251367 1
0.788679 1
0.246940 1
0.310803 1
0.284676 2
0.000994 64
0.000371 86
45.544409 1
0.082522 1
0.194245 1
0.105450 1
0.090835 1
0.145723 1
0.358159 1
0.175307 1
0.179791 1
0.238625 1
0.163666 11
0.003050 8
0.000100 78
0.415606 1
0.124673 1
0.086379 1
0.855985 1
0.096053 1
0.185079 1
0.105599 1
0.186828 1
0.290267 1
0.511881 2
0.001210 9
0.006797 196
0.000040 581
10.884575 6
0.001472 7
0.000026 16
0.000374 16
0.001172 5
0.000029 21
0.000026 112
0.000022 81
0.000029 194
0.000027 121
0.000023 77
0.000020 59
0.000017 61
0.000041 101
0.000028 20
0.000018 10
0.000021 97
0.000028 11
0.000010 12
29.933969 478
0.359181 14
0.000819 42
0.010367 28
0.000035 490
0.351067 12
0.000114 8
0.000070 12
0.000036 32
0.000047 8
0.001173 8
0.000613 78
2.374577 1
0.161130 1
0.196481 1
0.091962 1
0.109089 1
0.517144 1
0.440226 1
0.270135 1
0.233638 1
0.143676 1
0.123140 1
0.503057 1
0.561743 1
0.646220 1
0.144063 1
0.227961 1
0.224425 1
1.167117 4
0.175011 4
0.147105 4
0.220824 1
0.081186 1
0.180836 1
2.621870 11
0.003969 86
0.535088 1
0.089865 1
0.344452 11
0.003992 179
0.000454 947
0.000038 230
0.000530 86
3.232591 1
0.798775 4
0.169799 1
0.170320 1
0.319177 1
0.839283 1
0.237439 1
0.121921 1
0.115993 1
0.253429 1
0.224800 1
0.199975 1
0.532428 1
0.105355 1
0.256942 1
0.268740 1
12.501425 11
0.002981 86
1.461509 1
0.217118 1
0.176622 1
0.311512 1
0.332785 1
0.273487 1
1.921831 2
0.000673 9
0.025642 51
0.003656 49
0.000048 2
0.003676 49
0.000407 2
0.002882 49
0.000493 2
0.000204 51
0.000069 2
0.001218 86
0.318731 1
0.123652 1
0.912020 11
0.003644 1537
0.003588 8
0.000165 78
28.694635 83
0.035320 83
0.039965 83
0.020716 83
0.015427 83
0.015531 83
0.017875 83
0.015989 83
0.017187 83
0.017800 83
0.014922 83
0.026281 83
0.014522 83
0.054725 83
2.511425 1
25.316003 1
0.681552 4
0.191558 1
0.135550 1
0.196378 1
0.069961 1
0.686216 1
0.479972 1
0.115064 1
0.157777 1
0.164947 1
0.139092 1
0.137577 1
0.295476 1
0.147902 1
0.375336 4
1.040171 1
28.956952 2
0.000033 9
0.002323 8
0.000013 78
3.930468 1
0.250991 1
0.208482 1
0.086451 1
0.103028 1
0.238185 1
0.795007 1
0.419463 1
0.158527 1
0.310478 1
0.486843 11
0.003461 86
0.479448 1
0.335984 4
0.280337 1
0.091888 1
0.155028 1
0.257155 1
0.212367 1
1.137129 1
0.301735 1
0.694456 1
0.318330 1
0.297414 2
0.000054 9
0.006113 749
12.739383 6
0.002299 7
0.000159 16
0.000303 16
0.009339 5
0.000353 155
0.000015 331
0.000025 7
0.000007 170
0.000045 293
0.000048 250
0.000010 12
0.964508 6
0.002947 17
0.030051 6
0.000038 12
0.000017 4
0.015242 6
0.000042 12
0.000025 4
0.031494 6
0.000198 12
0.000035 13
0.000026 17
0.000045 77
0.000006 6
0.000092 12
0.000027 26
0.000058 59
0.057398 6
0.000032 182
0.388491 6
0.000057 12
0.000032 12
0.000005 15
0.000173 188
0.000026 12
0.000026 12
0.000004 17
0.000038 78
0.000028 155
0.038207 6
0.000473 184
0.034402 18
0.000113 12
0.000074 17
0.000139 94
0.000077 121
0.000053 137
0.000075 136
0.038899 6
0.000174 12
0.000064 12
0.000046 17
0.000055 19
0.000043 11
0.094718 6
0.000012 12
0.085939 18
0.080105 6
0.000616 12
0.036000 6
0.000032 12
0.000046 6
0.000017 12
0.000051 18
0.000050 18
0.340972 22
0.060334 6
0.000105 12
0.000053 6
0.043325 6
0.000145 19
0.000923 18
0.000135 5
2.614440 32
0.001796 199
0.000020 2048
0.000047 280
0.000027 6
0.000031 12
0.000030 7
0.000021 6
0.000025 12
0.035573 68
0.000296 2048
0.000121 417
0.000037 8
0.000045 7
0.000016 7
0.000129 52
0.000742 437
0.001710 43
0.025865 32
0.000094 36
0.000365 2048
0.000667 501
0.001240 480
0.027602 32
0.000159 36
0.000430 2048
0.000277 436
0.000052 7
0.000023 7
0.000090 53
0.001772 437
0.000358 43
0.025264 32
0.001106 36
0.000032 3093
0.028241 68
0.000246 2048
0.000032 495
0.000038 7
0.000062 7
0.000006 53
0.000694 450
0.000011 19
0.000009 6
0.000008 12
0.034542 32
0.000103 36
0.000270 2537
0.000009 22
0.000064 53
0.000689 487
0.025221 32
0.000031 36
0.000187 2048
0.000290 499
0.000017 14
0.000129 53
0.000722 498
0.022987 32
0.000115 36
0.000211 2560
0.000037 14
0.000089 40
0.000897 498
0.014374 32
0.000119 36
0.000240 2554
0.000024 22
0.000040 52
0.000787 682
0.000008 12
0.017677 68
0.000286 2048
0.000020 698
0.000025 8
0.000039 7
0.001215 609
0.016631 32
0.000109 36
0.000243 2048
0.000063 708
0.000007 7
0.000014 7
0.000078 41
0.001019 506
0.000028 18
0.000057 7
0.000031 6
0.000019 12
0.016704 32
0.001001 2084
0.000071 701
0.000030 8
0.000054 7
0.000014 7
0.000079 53
0.000762 506
0.000015 6
0.000021 12
0.000094 7
0.000023 6
0.000617 12
0.018215 32
0.000860 36
0.000016 2048
0.000038 702
0.000029 8
0.000048 7
0.000073 7
0.000084 41
0.000782 506
0.000017 6
0.000021 12
0.000026 7
0.000014 6
0.000020 12
0.060373 32
0.000195 36
0.000273 2751
0.000040 8
0.000008 7
0.001382 66
0.000530 652
0.000029 6
0.000031 12
0.000043 7
0.000021 6
0.000033 12
0.050972 68
0.000430 2048
0.000046 845
0.000032 8
0.000065 7
0.000017 7
0.000092 59
0.001501 527
0.000085 43
0.029825 68
0.000495 2048
0.000074 862
0.000096 15
0.000020 7
0.000722 56
0.001142 547
0.000023 6
0.000027 12
0.000028 7
0.000020 6
0.000025 12
0.029145 68
0.000319 2048
0.000040 855
0.000025 32
0.000030 8
0.000051 7
0.000017 7
0.000846 54
0.000298 527
0.000029 6
0.000089 12
0.000024 7
0.000014 6
0.000034 12
0.032737 32
0.000191 36
0.000345 2048
0.000048 855
0.000029 34
0.000032 8
0.000051 7
0.000016 7
0.000098 41
0.000880 570
0.031256 3651
0.042907 32
0.001188 36
0.001222 3002
0.001864 527
0.000149 6
0.003650 37
0.032386 32
0.000672 3051
0.000999 534
0.000591 6
0.000032 12
0.000048 7
0.000017 6
0.000025 12
0.026811 3024
0.000412 7
0.000017 7
0.000095 41
0.002985 775
0.023984 32
0.000207 36
0.000388 2048
0.000019 855
0.000028 237
0.000038 8
0.000069 7
0.000016 7
0.000151 53
0.000928 607
0.001262 6
0.000030 12
0.000049 7
0.001354 18
0.032036 32
0.000135 36
0.000299 2903
0.000024 238
0.000020 8
0.000056 14
0.000112 41
0.001175 743
0.000010 25
0.022404 32
0.000220 36
0.000444 2048
0.000091 855
0.000036 344
0.000022 8
0.000045 14
0.000095 53
0.001119 629
0.000011 25
0.020593 32
0.000133 36
0.000302 2048
0.000012 855
0.000088 347
0.000016 8
0.000155 14
0.000036 41
0.000954 613
0.000059 6
0.000007 12
0.000006 7
0.000013 6
0.000007 12
0.018413 32
0.000114 36
0.000251 2903
0.000035 350
0.000007 8
0.000047 14
0.000223 53
0.000855 621
0.000012 37
0.020369 32
0.000030 36
0.000303 2903
0.000021 353
0.000019 8
0.000047 14
0.000141 40
0.001658 639
0.000010 37
0.018490 32
0.000136 36
0.000218 2979
0.000025 8
0.000043 14
0.000113 40
0.000938 657
0.032409 32
0.000055 36
0.001352 3287
0.000014 67
0.000855 657
0.031072 68
0.000286 2048
0.000027 855
0.000119 377
0.000031 8
0.000074 7
0.000017 7
0.000129 41
0.000974 621
0.000018 6
0.000020 12
0.000023 7
0.000014 6
0.000020 12
0.056719 68
0.000169 3292
0.000110 14
0.000734 53
0.000902 641
0.000020 25
0.034318 68
0.000526 3288
0.000125 8
0.000016 7
0.000030 7
0.000287 40
0.002406 623
0.000046 18
0.000025 7
0.000066 18
0.027616 68
0.000613 2048
0.000111 855
0.000105 81
0.000014 8
0.000299 14
0.000013 40
0.001299 625
0.000079 6
0.000031 12
0.000036 7
0.000030 6
0.000028 12
0.040427 68
0.000335 2048
0.000097 855
0.000064 388
0.000032 8
0.000078 7
0.000133 7
0.000008 53
0.001085 627
0.000045 6
0.000024 12
0.000025 7
0.000017 6
0.000026 12
0.039041 4051
0.001612 6
0.000096 37
0.023738 68
0.001243 3724
0.123551 3427
0.001458 672
0.061063 32
0.000820 3051
0.000119 52
0.001700 634
0.000016 12
0.000043 13
0.000057 12
0.362291 3794
11.397265 6
0.000391 553
0.393101 6
0.000318 50
0.011659 698
0.408399 72
0.000497 86
0.952998 1
0.269406 1
0.119545 1
0.193714 1
0.059263 1
0.194744 1
0.589093 1
0.181271 1
0.210377 1
0.268632 1
0.269305 1
0.114939 1
0.533083 1
0.551346 11
0.002578 86
1.043808 1
0.180103 1
0.221350 1
0.393083 1
0.550838 1
0.343249 1
3.813031 11
0.003272 54
0.000026 147
1.858195 6
1.038065 1
0.240584 1
0.190321 1
0.123519 1
0.191258 1
0.096281 1
0.257932 1
0.390653 1
0.091241 1
0.198374 1
0.171393 1
1.112159 1
0.286876 11
43.463902 94
0.000328 86
26.132167 1
0.075222 1
0.095963 1
0.292755 4
0.150393 4
0.131689 4
0.122357 1
0.245010 1
0.064000 1
0.101971 1
0.217253 1
0.188963 1
1.938631 1
0.116883 1
0.233074 1
0.190656 1
0.302810 2
0.000625 9
0.005886 8
0.000167 54
0.000181 13
0.001102 63
0.000238 59
0.001146 159
0.000154 43
0.000025 75
0.000024 153
0.000016 56
0.000012 36
0.000071 72
0.000029 193
0.002672 236
0.000025 137
0.000020 136
0.000015 27
0.000011 13
0.000057 137
0.000055 146
0.000012 186
0.000011 28
0.000049 104
0.000121 363
0.000086 264
0.000052 123
0.000011 48
0.000076 141
0.000066 131
0.000033 21
0.000111 225
0.000013 42
59.045610 6
0.000894 553
0.290226 6
0.000264 8
0.000772 42
0.012040 8
0.000011 8
0.000007 31
0.000007 12
0.000007 6
0.000052 8
0.000008 191
0.000025 127
0.000007 37
0.000020 230
0.000008 12
0.000007 5
0.293964 6
0.002222 5
0.000026 60
0.002042 8
0.000377 78
0.967522 1
0.073070 1
0.167192 1
0.079291 1
0.097060 1
0.140509 1
0.277931 1
0.214710 1
0.107409 1
0.247699 1
0.161546 11
0.001505 86
0.994530 1
0.108840 1
0.094773 1
0.274905 1
0.201535 1
0.398439 1
0.298621 1
0.155954 1
0.271116 1
0.347646 11
0.008169 196
0.000833 159
0.000152 118
0.000052 282
0.000018 35
0.000050 193
0.000113 17
0.910359 6
0.001885 23
0.000013 17
0.003725 26
0.000079 63
0.000023 441
0.000015 13
0.000015 76
0.001728 96
0.000036 371
1.086473 6
0.000627 17
0.039601 18
0.000047 4
0.020313 6
0.000068 12
0.000137 4
0.033094 18
0.000383 6
0.000077 12
0.024478 6
0.000119 12
0.053631 18
18.951720 6
0.000090 12
0.050773 6
0.000583 12
0.048212 18
0.123118 18
0.268562 22
0.037991 23
0.039657 18
0.000207 6
0.045047 18
0.073396 18
0.219288 25
0.029201 22
0.032767 22
0.038924 18
0.072346 18
8.961992 27
0.000077 102
0.000009 56
0.000035 49
0.000217 325
1.161061 14
0.000030 42
0.015103 7
0.000472 690
0.447448 72
0.001121 86
139.695861 9
0.437334 11
0.005516 8
0.002626 130
0.000069 59
0.000451 159
0.000066 118
0.000027 153
0.000008 92
0.000008 37
0.000005 35
0.000122 193
0.000585 26
0.000004 63
0.000043 414
0.000008 27
0.000006 13
0.000007 76
0.000029 282
0.000007 66
0.000018 80
0.000007 44
1.482835 22
0.507865 22
0.023730 22
0.040057 22
0.029061 22
0.032009 22
0.022010 22
0.025873 23
0.030266 23
0.033219 6
0.000094 17
0.032381 23
0.030457 18
0.000071 5
0.032113 18
0.000045 5
0.022119 23
0.031736 6
0.000026 17
0.027150 6
0.000121 12
0.035189 6
0.000078 12
0.027066 6
0.000017 12
0.028347 18
0.227992 11
0.000032 3
0.000056 17
0.421181 6
0.000759 19
0.502444 6
0.001269 7
0.000056 16
0.000119 30
0.026742 40
0.030832 18
0.000084 1
0.000103 4
0.035502 6
0.000012 16
0.029691 26
0.027578 161
0.044805 6
0.000442 15
0.011995 6
0.000037 12
0.000103 3
0.031023 6
0.000251 15
0.032874 6
0.000049 12
0.000245 3
0.027276 6
0.000350 15
0.042069 6
0.000142 12
0.000329 3
0.036548 6
0.000173 15
0.019945 21
0.022786 6
0.000261 15
0.047608 6
0.000508 34
0.010012 6
0.000059 12
0.000010 1
0.000007 2
0.032973 6
0.000070 12
0.000099 3
0.026229 40
0.036423 6
0.000208 15
0.024427 6
0.000114 34
0.024474 21
0.034113 44
0.030338 21
0.033584 21
0.029180 21
0.026802 21
0.029807 21
0.030617 21
0.029940 21
0.031215 40
0.024998 21
0.031861 21
0.029338 6
0.000133 13
0.000016 2
0.032188 21
0.034623 40
0.025867 6
0.000179 12
0.000016 1
0.000090 2
0.025760 18
0.000090 10
0.036589 18
0.000069 3
0.025032 6
0.000115 15
0.032672 42
0.027108 6
0.000172 15
0.032380 18
0.000061 1
0.000044 2
0.027294 21
0.030482 18
0.000040 1
0.000021 3
0.027898 26
0.033804 98
0.028287 18
0.000084 35
0.032921 21
0.034772 18
0.000066 1
0.000041 2
0.025101 21
0.025041 6
0.000125 12
0.002468 3
0.027980 21
0.033808 21
0.029018 6
0.000245 13
0.000022 2
0.034240 6
0.000389 12
0.000029 1
0.000147 2
0.027641 18
0.000157 1
0.001015 2
0.022055 44
0.031599 6
0.000177 15
0.030937 6
0.000163 15
0.034942 6
0.000223 15
0.035847 6
0.000024 12
0.000038 1
0.000057 2
0.023833 42
0.024968 24
0.031530 21
0.026916 6
0.002001 15
0.033524 6
0.000126 15
0.029145 6
0.000215 15
0.033057 6
0.000202 15
0.032091 18
0.000098 1
0.000123 2
0.028105 21
0.024844 21
0.031075 18
0.000076 24
0.033828 6
0.000289 18
0.032650 6
0.000074 12
0.000106 1
0.000165 23
0.027414 6
0.000337 15
0.029446 21
0.019629 21
0.031515 22
0.029239 26
0.032969 21
0.027545 21
0.035342 21
0.046911 18
0.002716 2
0.000127 20
0.006018 6
0.000560 15
0.035696 21
0.024865 6
0.000105 15
0.030456 6
0.000277 15
0.035473 6
0.000380 12
0.000113 1
0.000118 2
0.032833 6
0.000020 12
0.000166 1
0.000098 2
0.035680 21
0.013468 6
0.000186 12
0.000059 2
0.000049 20
0.031559 6
0.000426 15
0.032445 6
0.002003 13
0.006738 2
0.023081 40
0.021590 6
0.000770 15
0.027414 6
0.000147 12
0.000095 3
0.040564 6
0.000227 12
0.000212 3
0.032222 6
0.000192 12
0.000153 3
0.027374 6
0.000273 15
0.024775 21
0.026722 6
0.000108 12
0.000163 22
0.035628 21
0.034422 6
0.000032 15
0.029047 18
0.000086 1
0.000079 2
0.029249 18
0.000076 1
0.000042 2
0.022183 21
0.031674 6
0.000177 12
0.000395 22
0.033119 6
0.000152 12
0.000138 3
0.035117 6
0.000126 12
0.000171 24
0.019085 21
0.032206 6
0.000156 12
0.000143 1
0.000017 2
0.030436 6
0.000090 15
0.025757 21
0.029603 21
0.037389 21
0.025442 40
0.025470 6
0.000248 15
0.032134 18
0.000288 3
0.000126 5
0.031448 18
0.000138 22
0.026851 18
0.000064 1
0.000034 2
0.034360 18
0.000068 3
0.000034 5
0.026208 18
0.000124 1
0.000168 2
0.033646 18
0.000100 2
0.000065 20
0.035214 18
0.000374 1
0.000111 2
0.032729 18
0.000110 2
0.000043 20
0.022911 18
0.000065 1
0.000035 2
0.024813 21
0.029674 21
0.029495 18
0.000160 1
0.000014 2
0.035493 18
0.000087 1
0.000123 2
0.026394 6
0.000201 13
0.000023 2
0.026667 18
0.000131 1
0.000040 2
0.036675 6
0.000111 12
0.000144 1
0.000014 2
0.028615 6
0.000155 13
0.000047 2
0.033718 18
0.000055 1
0.000091 2
0.022393 6
0.000245 12
0.000016 3
0.027999 6
0.000019 12
0.000139 3
0.031921 18
0.000084 1
0.000064 2
0.037775 18
0.000060 1
0.000046 2
0.020880 6
0.004789 12
0.000061 3
0.025212 18
0.000056 1
0.000116 2
0.030332 18
0.000057 1
0.000085 23
0.028663 18
0.000061 1
0.000035 2
0.035568 18
0.000071 1
0.000067 2
0.028165 6
0.000016 12
0.000058 1
0.000032 2
0.026557 18
0.000063 1
0.000033 3
0.029925 6
0.000425 20
0.031717 18
0.000325 6
0.026069 18
0.000065 2
0.000148 20
0.029026 6
0.000026 12
0.000141 1
0.000073 2
0.032570 6
0.000021 12
0.000112 1
0.000070 2
0.032739 18
0.000063 1
0.000034 2
0.032431 18
0.000060 1
0.000063 2
0.035268 18
0.000063 1
0.000034 2
0.023919 18
0.000067 1
0.000037 2
0.029493 6
0.000100 12
0.000176 3
0.027005 18
0.000204 1
0.000094 2
0.025696 18
0.000063 2
0.000036 20
0.038757 18
0.000033 1
0.000013 2
0.027460 6
0.000029 12
0.001261 6
0.025389 18
0.000019 2
0.000038 20
0.032929 6
0.000172 12
0.000257 1
0.000141 2
0.029607 40
0.032923 6
0.000087 12
0.000212 3
0.024557 18
0.000020 1
0.000105 5
0.031560 18
0.000083 3
0.029227 6
0.001899 13
0.000075 3
0.027031 6
0.000682 8
0.000292 12
0.027067 6
0.000316 15
0.040762 18
0.000121 1
0.000076 2
0.022255 6
0.000024 12
0.000135 1
0.000067 2
0.027033 6
0.000344 12
0.000062 1
0.000053 2
0.047831 6
0.000906 13
0.000018 2
0.011014 40
0.029335 21
0.027776 21
0.039606 21
0.026138 21
0.024290 40
0.040785 21
0.028161 19
0.000015 2
0.024404 40
0.027262 6
0.000241 15
0.040937 6
0.000067 12
0.000257 3
0.020673 19
0.000013 2
0.034536 6
0.000109 13
0.000035 2
0.029364 18
0.000067 3
0.023129 18
0.000293 1
0.000015 2
0.041007 6
0.000019 12
0.000525 3
0.027128 40
0.053173 18
0.000343 3
0.000186 18
0.000068 2
0.000064 20
0.038127 18
0.000082 1
0.000061 2
0.033022 21
0.020364 6
0.000209 12
0.000074 3
0.030880 21
0.034898 21
0.026092 21
0.025461 6
0.000014 12
0.000064 1
0.000067 2
0.043524 6
0.000080 12
0.000035 1
0.000111 2
0.028445 21
0.024927 6
0.000014 12
0.000055 3
0.024109 6
0.000096 12
0.000104 2
0.000069 20
0.032290 21
0.032464 6
0.000072 12
0.000014 4
0.035386 6
0.000415 15
0.021363 12
0.000600 12
0.028549 18
0.000125 1
0.000034 4
0.029707 6
0.000278 12
0.000139 1
0.000015 3
0.030626 6
0.001044 19
0.030916 6
0.000255 12
0.000034 22
0.028134 18
0.000093 1
0.000054 2
0.030294 6
0.000016 12
0.000089 4
0.000028 6
0.033592 18
0.000078 1
0.000059 2
0.027463 18
0.000258 3
0.028829 18
0.000087 1
0.000084 23
0.034820 21
0.025302 18
0.000161 1
0.000178 2
0.036691 18
0.000090 1
0.000051 2
0.026029 18
0.000190 4
0.032037 6
0.000790 19
0.029083 6
0.000049 12
0.000205 1
0.000274 2
0.021060 21
0.029495 18
0.000141 2
0.001789 20
0.026168 18
0.000056 1
0.000038 2
0.031025 18
0.000060 7
0.000030 46
0.036402 18
0.000072 1
0.000078 2
0.027833 18
0.000064 1
0.000035 2
0.040270 6
0.000146 13
0.000047 2
0.015268 21
0.041584 18
0.000085 1
0.000071 2
0.022376 6
0.000020 15
0.027707 6
0.000295 12
0.000091 1
0.000088 2
0.027351 6
0.000015 12
0.000101 3
0.034709 18
0.000091 1
0.000048 2
0.025254 18
0.000108 2
0.000046 20
0.029940 18
0.000071 3
0.034617 18
0.000104 1
0.000041 2
0.033427 18
0.000087 1
0.000049 2
0.024763 18
0.000118 3
0.041817 6
0.000083 15
0.019602 40
0.035993 6
0.000098 12
0.000124 3
0.024504 18
0.000108 1
0.000120 2
0.030241 6
0.000148 12
0.000130 1
0.000013 2
0.027445 6
0.000020 12
0.000141 1
0.000082 2
0.031395 6
0.000020 12
0.000117 1
0.000072 2
0.027137 6
0.000233 12
0.000142 1
0.000052 2
0.030341 18
0.000118 1
0.000069 2
0.036481 6
0.000356 12
0.000015 1
0.000035 2
0.025822 18
0.000108 1
0.000075 2
0.029802 6
0.000020 12
0.000124 1
0.000033 2
0.025476 6
0.001992 12
0.000145 1
0.000039 2
0.025335 6
0.000103 12
0.000129 2
0.000022 20
0.033295 6
0.000223 12
0.001681 1
0.000127 2
0.027452 18
0.000057 4
0.000034 6
0.032855 18
0.000061 1
0.000036 2
0.024625 6
0.000295 13
0.000015 2
0.039100 6
0.000061 12
0.000014 1
0.000038 23
0.028799 18
0.000067 1
0.000037 2
0.020991 6
0.000240 12
0.000161 1
0.000049 2
0.028544 6
0.000183 12
0.000019 1
0.000068 2
0.032071 18
0.000061 4
0.042447 13
0.000099 12
0.021114 6
0.000152 12
0.000143 1
0.000055 2
0.025745 6
0.000501 12
0.000084 1
0.000770 2
0.030375 6
0.000133 12
0.000119 2
0.000068 20
0.029984 18
0.000196 1
0.000071 2
0.030542 109
0.034414 21
0.024182 6
0.002812 15
0.030926 6
0.000541 15
0.032879 6
0.000167 12
0.000044 3
0.024945 6
0.001928 15
0.029000 6
0.000160 15
0.023900 6
0.000148 12
0.002729 1
0.000082 2
0.027070 21
0.035050 6
0.000249 15
0.030216 21
0.024581 18
0.000088 22
0.030845 18
0.000054 1
0.000029 2
0.031374 18
0.000064 1
0.000035 2
0.029459 18
0.000075 2
0.000040 20
0.029444 6
0.000137 12
0.000577 3
0.030528 6
0.000119 12
0.000040 1
0.000015 2
0.027280 6
0.000256 15
0.029165 6
0.000095 12
0.000053 3
0.030519 6
0.000226 15
0.041123 6
0.000167 15
0.023135 6
0.000112 12
0.000046 1
0.000010 2
0.031121 6
0.000366 34
0.034866 6
0.000226 15
0.027498 6
0.000206 15
0.030144 21
0.024547 21
0.031583 21
0.026644 6
0.000172 12
0.004513 3
0.027015 21
0.033432 40
0.029331 21
0.023311 6
0.000248 15
0.028271 6
0.000138 12
0.000053 3
0.036001 6
0.000080 15
0.034168 6
0.000072 12
0.000049 3
0.024407 6
0.000175 15
0.034947 6
0.000134 15
0.023381 6
0.000185 12
0.000093 1
0.000120 2
0.026421 6
0.000312 12
0.000012 22
0.034637 18
0.000056 1
0.000032 2
0.035319 6
0.000032 12
0.000057 4
0.000041 6
0.037686 6
0.000022 12
0.000204 1
0.000198 2
0.016988 6
0.000028 12
0.000057 1
0.000075 2
0.029458 18
0.000318 24
0.029076 6
0.000204 12
0.000015 1
0.000071 2
0.032369 6
0.000158 12
0.000137 1
0.000014 2
0.025404 6
0.000165 12
0.000015 1
0.000114 2
0.028164 6
0.000023 13
0.000093 3
0.033010 13
0.000105 12
0.027393 6
0.000150 12
0.000219 4
0.000103 6
0.034766 18
0.000069 1
0.000035 2
0.029171 21
0.026641 6
0.000121 12
0.000111 22
0.031153 6
0.000084 12
0.000081 1
0.000017 2
0.036361 6
0.000094 12
0.000092 1
0.000041 2
0.027993 6
0.000027 15
0.024232 6
0.000113 12
0.000065 3
0.035882 6
0.000129 12
0.000008 1
0.000048 2
0.035233 6
0.000178 15
0.020129 6
0.000112 12
0.000051 3
0.030834 6
0.000206 12
0.000047 1
0.000019 2
0.024081 6
0.000103 12
0.000042 1
0.000017 2
0.031580 6
0.000126 12
0.000017 3
0.028226 6
0.000087 12
0.000068 22
0.035757 18
0.000024 3
0.032987 6
0.000091 12
0.000015 1
0.000014 2
0.030471 18
0.000106 2
0.000093 20
0.031414 18
0.000058 1
0.000138 2
0.027396 18
0.000112 1
0.000109 2
0.022541 6
0.000548 15
0.040838 6
0.001244 15
0.018139 6
0.000117 12
0.000059 1
0.000011 2
0.026315 21
0.032670 21
0.028380 40
0.035005 21
0.025721 6
0.000113 12
0.000277 8
0.029146 40
0.034748 6
0.000012 15
0.027146 6
0.000028 12
0.000106 1
0.000079 2
0.027872 21
0.036086 21
0.025320 21
0.028997 21
0.037132 21
0.033762 40
0.030432 21
0.031033 40
0.036479 6
0.000162 12
0.000065 1
0.000046 2
0.013709 18
0.000063 1
0.000076 4
0.035253 18
0.000162 1
0.000052 3
0.026917 25
0.030179 6
0.000152 12
0.000056 1
0.000034 2
0.027694 6
0.005014 12
0.000047 3
0.023148 6
0.000068 12
0.000014 1
0.000026 2
0.029153 18
0.000207 1
0.000044 2
0.035502 18
0.000062 1
0.000035 2
0.034153 18
0.000083 1
0.000046 2
0.020542 18
0.000072 2
0.000085 20
0.029871 18
0.000062 1
0.000037 2
0.033145 18
0.000153 1
0.000049 2
0.027080 18
0.000061 1
0.000035 2
0.027124 6
0.000091 12
0.000070 1
0.000034 2
0.041699 18
0.000063 1
0.000043 2
0.022139 18
0.000069 1
0.000045 2
0.031034 18
0.000098 1
0.000049 2
0.030482 6
0.000252 12
0.000059 2
0.000167 20
0.026727 21
0.034300 6
0.000283 15
0.034434 21
0.018704 21
0.030254 21
0.033776 19
0.000012 2
0.032014 21
0.027779 6
0.000094 12
0.000009 2
0.000034 20
0.031113 21
0.038995 18
0.000097 1
0.000061 2
0.015004 21
0.035014 21
0.025177 6
0.000134 12
0.000073 3
0.028311 18
0.000075 1
0.000040 2
0.033035 18
0.000073 1
0.000066 2
0.037582 21
0.025916 21
0.026271 40
0.031187 6
0.000166 12
0.000096 1
0.000138 2
0.030741 6
0.000017 12
0.000085 4
0.028588 6
0.000026 3
0.000069 12
0.028811 25
0.035566 6
0.000127 12
0.000154 1
0.000039 2
0.024094 6
0.004639 12
0.000119 3
0.027360 21
0.032886 21
0.028844 21
0.026272 21
0.033476 21
0.028253 6
0.000088 12
0.000024 3
0.031294 6
0.000019 12
0.000082 3
0.032039 6
0.000024 12
0.000071 3
0.024052 6
0.000387 16
0.029396 18
0.028621 18
0.034395 18
0.026509 6
0.000016 12
0.032759 18
0.027460 18
0.029349 18
0.418563 6
0.005288 17
0.000085 101
0.000019 52
0.000077 19
0.000093 74
0.000015 61
0.000068 22
0.000099 205
0.000014 98
0.000103 22
0.000015 104
0.000102 36
0.000015 112
0.000117 104
0.000052 73
1.827360 18
0.000096 5
0.014862 18
0.000079 5
0.013376 18
0.000065 6
0.011754 6
0.000374 12
0.000115 13
0.000021 17
0.000254 154
0.014426 6
0.001010 12
0.000103 12
0.000339 270
0.000165 223
0.005375 6
0.000557 424
0.018348 6
0.000090 12
0.001277 316
0.021713 6
0.000877 342
0.587449 18
0.000791 12
0.000099 17
0.000054 71
0.000056 73
0.000061 51
0.000213 132
0.000112 11
0.026925 6
0.000155 12
0.000235 11
0.000094 9
0.000043 6
0.000113 16
0.000082 11
0.000188 6
0.000304 12
0.026429 6
0.000119 12
0.030801 6
0.000158 12
0.014055 18
0.000149 18
0.000081 6
0.000053 12
0.000079 6
0.000111 12
0.000082 6
0.000053 12
0.037031 18
0.000136 18
0.000123 18
0.000086 6
0.000101 12
0.000088 6
0.000058 12
3.226067 283
0.000863 2872
0.000104 18
0.050332 32
0.000136 36
0.001697 2048
0.000090 1065
0.001184 675
0.023722 68
0.001080 3114
0.000664 837
0.000228 37
0.023206 32
0.000196 36
0.000326 3237
0.000030 22
0.000095 65
0.001048 817
0.000013 25
0.025998 32
0.000219 36
0.000353 3367
0.000048 14
0.000059 66
0.000864 710
0.000007 12
0.000008 7
0.000007 6
0.000006 12
0.029327 32
0.000033 36
0.000607 3374
0.000376 14
0.000050 68
0.001484 802
0.000012 25
0.000027 12
0.028495 32
0.000655 36
0.000344 2048
0.000120 1408
0.000027 8
0.000009 7
0.000007 7
0.000389 68
0.001364 819
0.026283 3637
0.001028 788
0.000021 43
0.027659 32
0.000115 36
0.000383 3497
0.000009 8
0.000007 14
0.000130 59
0.000818 794
0.000036 12
0.000016 13
0.000015 12
0.036209 32
0.000068 36
0.000688 3504
0.000019 22
0.000176 55
0.001210 831
0.569938 6
0.000073 12
0.000021 7
0.024452 6
0.000051 12
0.000020 12
0.000121 20
0.027377 6
0.001236 12
0.000039 6
0.358005 18
0.000079 8
0.053248 6
0.000294 16
0.407464 23
10.534874 68
0.000286 2048
0.000148 1459
0.000082 8
0.000223 7
0.000046 7
0.000436 74
0.002963 1007
0.000051 6
0.000060 12
0.000056 8
0.000047 32
0.000815 36
0.003727 2048
0.000169 818
0.000218 8
0.000094 7
0.000043 7
0.000604 64
0.002941 839
0.000071 6
0.000064 12
0.000058 8
0.000071 6
0.000020 12
0.792813 313
0.000195 2048
0.000116 1096
0.000022 6
0.000026 12
0.000102 8
0.000095 6
0.000027 12
2.343419 68
0.000314 36
0.000081 8
0.000192 7
0.000096 7
0.000586 186
0.003895 3013
0.000025 26
0.039749 68
0.000139 36
0.000035 8
0.000072 7
0.000020 7
0.000367 184
0.001796 2048
0.000104 947
0.000024 6
0.000030 12
0.000027 8
0.000020 6
0.000030 12
0.030404 68
0.000117 36
0.000010 8
0.000153 7
0.000540 7
0.000270 182
0.002242 2949
0.000147 18
0.058525 32
0.000311 36
0.000161 36
0.000036 8
0.000113 7
0.000023 7
0.000173 169
0.003016 2048
0.000028 671
0.000027 6
0.000034 12
0.000031 8
0.000650 6
0.000033 12
0.070787 32
0.000198 36
0.003037 208
0.001633 2048
0.002849 263
0.055754 32
0.000900 225
0.000955 1701
0.000019 6
0.000021 12
0.000019 8
0.000014 6
0.000110 12
0.040721 32
0.000099 36
0.000048 36
0.000028 8
0.000036 7
0.000028 7
0.000188 119
0.001305 1434
0.000029 6
0.000025 12
0.000022 8
0.000022 18
0.033001 32
0.000136 36
0.000050 36
0.000026 8
0.000066 7
0.001680 1462
0.000069 6
0.000040 12
0.000022 8
0.000014 6
0.000018 12
0.030735 32
0.000098 36
0.000036 36
0.000025 8
0.000028 7
0.000014 7
0.000088 108
0.000586 1249
0.000985 6
0.000030 12
0.000041 8
0.000015 6
0.000018 12
0.029698 231
0.000837 1241
0.001095 44
0.023203 32
0.000082 36
0.000034 36
0.000043 8
0.000027 7
0.000014 7
0.000156 102
0.000639 1241
0.001650 44
0.468745 32
0.000340 87
0.000010 7
0.000288 117
0.001310 1584
0.025720 2294
0.025125 2342
0.024264 68
0.000172 1702
0.000028 8
0.000035 7
0.000020 7
0.000067 53
0.000834 610
0.000012 44
0.012312 68
0.000157 1845
0.000026 8
0.000032 7
0.000014 7
0.000068 54
0.000433 506
0.000016 6
0.000029 12
0.000007 8
0.000026 18
0.014000 68
0.000258 1847
0.000035 8
0.000137 7
0.000079 61
0.000401 506
0.000016 6
0.000045 12
0.000019 8
0.000014 6
0.000017 12
0.014207 68
0.000201 1849
0.000030 8
0.000073 7
0.000028 7
0.000073 41
0.000471 506
0.000070 6
0.000024 12
0.000013 8
0.000138 6
0.000014 12
0.013599 32
0.000114 36
0.000472 1850
0.000148 75
0.000449 515
0.000021 6
0.000035 12
0.000011 8
0.000014 6
0.000009 12
0.014358 68
0.000297 1860
0.000447 63
0.000774 515
0.000039 6
0.000019 12
0.000022 14
0.000024 12
0.014822 68
0.000016 1936
0.000703 515
0.000094 6
0.000026 12
0.000007 26
0.014909 68
0.000279 1862
0.000110 15
0.000019 7
0.000664 41
0.000010 515
0.000018 6
0.000024 12
0.000021 8
0.000014 6
0.000023 12
0.015342 68
0.000194 1863
0.000027 8
0.000035 7
0.000018 7
0.000068 53
0.000490 515
0.000073 44
0.015659 2657
0.000029 6
0.000022 12
0.000019 8
0.000015 6
0.000018 12
0.016829 2441
3.325474 355
0.000135 156
0.000040 12
0.482582 56
0.016665 29
0.000095 57
0.000376 484
0.000062 12
0.000065 8
0.340777 20
0.000872 52
0.000587 86
10.598054 1
0.330075 1
0.211689 1
0.183272 1
0.069630 1
0.273183 1
0.239359 1
0.225210 1
0.617078 1
0.210881 1
0.505647 4
0.515829 1
0.288435 1
0.155112 1
0.345067 1
0.330137 11
0.003950 8
0.000036 78
1.603371 1
0.252479 1
0.842288 1
0.339276 1
0.176797 1
0.260849 1
5.705972 11
0.015934 162
0.010283 117
0.009932 115
0.000539 2
0.014465 117
0.010949 117
0.009637 117
0.042420 117
0.015552 117
0.011529 117
0.010361 117
0.010252 163
0.006489 14
0.000022 80
0.000030 2
0.000034 79
0.000036 2
0.000090 79
0.000014 81
0.000026 2
0.000075 79
0.000035 81
0.000029 83
0.000037 81
0.000305 160
0.000019 2
0.001633 63
0.004274 15
0.000830 86
61.052805 1
0.085818 1
0.194291 1
0.070654 1
0.126114 1
0.149102 1
0.516622 1
0.262139 1
0.125733 1
0.275155 1
0.619825 11
0.003229 8
0.000170 78
0.490981 1
0.074063 1
0.084379 1
0.250871 1
0.222959 1
0.246636 1
0.256333 1
0.115896 1
0.313375 1
2.487251 2
0.002887 9
0.003977 75
0.000208 63
0.000121 52
0.000010 6
0.003674 668
59.341231 6
0.009210 46
0.000323 125
0.001146 97
0.000044 20
0.000042 109
0.000042 35
0.000036 12
0.000037 7
0.000039 36
0.000038 39
0.000036 23
0.000031 10
0.000033 12
4.250899 18
0.000118 5
0.034985 6
0.000016 18
0.031665 6
0.000076 18
0.025169 66
0.029041 6
0.006049 266
0.016660 254
0.021200 77
0.030537 394
0.060752 6
0.000871 250
0.944015 18
0.000109 11
0.000058 17
0.000051 13
0.000068 7
0.000084 8
0.000036 11
0.038874 75
0.000122 6
0.000404 12
0.000094 12
0.000056 17
0.000065 144
0.000099 116
0.000036 11
0.027640 18
0.000096 12
0.000050 17
0.000041 13
0.000039 18
0.000071 78
0.000030 11
0.029653 18
0.000305 250
0.031276 18
0.000191 12
0.000072 18
0.000073 64
0.000056 123
0.000096 76
0.026195 18
0.000104 12
0.000051 18
0.000057 22
0.000079 64
0.000087 123
0.000033 11
0.026456 18
0.000094 12
0.000046 17
0.000041 13
0.000044 92
0.000082 120
0.000031 11
0.031660 18
0.000101 12
0.000049 17
0.000063 74
0.000052 138
0.000116 146
0.027228 18
0.000178 12
0.000065 17
0.000069 55
0.000096 89
0.034040 18
0.000135 12
0.000061 17
0.000172 131
0.043852 18
0.071553 18
1.518008 6
0.000949 12
0.000021 4
0.095636 22
0.226948 18
0.000016 7
0.154636 6
0.001048 12
0.000035 7
0.066185 23
0.000135 6
0.000070 17
0.001314 23
0.079227 6
0.000145 12
0.000030 5
0.290711 18
0.000555 5
0.251213 35
0.000121 15
0.003258 27
0.000333 276
0.120040 225
1.402821 523
0.614832 56
0.010480 7
0.000234 22
0.000350 57
0.000185 8
0.000428 496
1.446093 72
0.000665 8
0.000617 78
1.627978 1
0.079305 1
0.226561 1
0.202187 1
0.093829 1
0.213749 1
0.162134 1
0.233425 1
0.148160 1
0.360240 1
0.345938 4
0.173333 4
0.144531 4
0.168997 4
0.650904 1
0.253689 1
0.705180 4
0.155922 4
0.046999 1
0.253580 1
0.377063 4
0.157964 4
0.083647 1
0.324242 4
0.198976 1
0.174320 1
0.428720 1
0.347681 1
0.214477 1
0.080775 1
0.256122 1
0.141556 11
0.003057 86
1.432638 1
0.201341 1
0.299515 1
0.261750 1
0.147709 1
0.180311 1
0.712813 11
0.011839 84
0.028730 33
3.658787 2
0.389501 33
0.416492 25
0.000205 60
0.000890 115
0.020797 374
0.025545 129
0.004155 211
0.021486 129
0.067934 122
0.001851 89
0.032156 82
0.119875 45
0.009141 126
0.000077 84
0.000510 4
0.029734 122
0.000047 116
0.004682 320
0.000259 108
0.000078 95
0.000205 2
0.000146 113
0.000065 103
0.000060 4
0.046103 110
0.001616 269
0.062034 417
0.004074 108
0.021058 167
0.002352 575
0.007978 209
0.000020 303
0.000066 97
0.000065 2
0.000115 111
0.000401 103
0.000091 97
0.000054 2
0.000193 108
0.000064 58
0.000064 4
0.132731 65
0.000038 32
0.000032 4
0.000119 39
0.000029 23
0.000030 4
0.000476 39
0.000028 4
0.081261 44
0.025731 53
0.000164 84
0.000387 128
0.000056 81
0.000022 4
0.001895 129
0.000072 81
0.000103 4
0.000054 82
0.000047 43
0.000063 4
0.000279 81
0.000026 4
0.003380 125
0.000032 4
0.000101 85
0.000245 82
0.000016 43
0.000050 4
0.120104 137
0.000023 56
0.001278 53
0.000075 28
0.000910 85
0.013762 125
0.000104 4
0.109884 141
0.000385 49
0.000075 4
0.000105 45
0.000082 91
0.000137 52
0.000085 37
0.000128 4
0.000102 79
0.000459 113
0.000011 4
0.423371 185
0.000014 77
0.033301 245
0.011825 567
0.068617 64
0.000021 44
0.024384 70
0.000011 46
0.013698 72
0.000172 42
0.000082 4
0.000170 43
0.000019 56
0.000166 53
5.440671 50
0.008958 50
0.008869 50
0.036235 100
0.015735 500
0.539023 102
0.020359 102
0.071400 102
0.015233 102
0.000957 102
0.001220 51
0.001546 102
0.043286 102
0.008830 102
0.035379 102
0.010153 102
0.053175 306
0.000252 102
0.003244 204
0.000139 102
0.000589 102
0.012214 102
0.007701 102
0.014416 102
0.010087 102
0.013098 102
0.004972 102
0.000306 102
0.033842 102
0.059651 60
0.005524 2
0.026862 198
0.045404 134
0.165014 76
0.009522 216
0.015622 131
0.048020 50
0.015697 114
0.005617 132
0.046493 134
0.169762 217
0.003414 75
1.132208 91
0.104347 196
0.071143 207
0.012474 33
0.522886 33
0.519569 52
0.000887 236
0.148238 68
0.000528 78
0.658062 16
0.040386 113
0.031312 40
0.001185 355
0.000011 44
0.038256 44
0.032512 44
0.037964 44
0.028084 44
0.030763 44
0.025966 44
0.026000 44
0.028209 44
0.027305 44
0.101835 184
0.006041 84
0.000244 304
0.006789 58
0.051734 152
0.066778 63
0.000386 2
0.011309 152
0.011711 152
0.008102 82
1.170131 20
1.419307 89
0.005489 26
0.022211 4
0.000228 74
0.002716 59
0.000701 86
3.236741 6
3.301927 11
0.022359 26
0.007115 78
0.001580 59
0.000428 86
39.093165 1
0.074009 1
0.203816 1
0.097414 1
0.091076 1
1.156152 1
0.164766 1
0.163624 1
0.196103 1
0.100228 1
0.299088 1
0.464634 11
0.010099 86
0.511473 1
0.070889 1
0.099490 1
0.213844 1
0.157941 1
0.176981 1
0.163972 1
0.217694 1
0.097119 1
0.192874 1
0.308975 11
0.019282 8
0.000213 54
0.001078 42
0.000080 28
0.000032 6
0.000138 8
0.000040 32
0.000160 12
0.000046 6
0.001287 3
0.000046 127
0.000084 6
0.000167 6
0.000064 108
0.000056 151
0.000045 33
0.000049 72
0.000049 145
0.000096 5
0.000031 12
66.326238 6
0.000332 7
0.000115 16
0.000045 17
0.002454 6
0.000145 27
0.000369 716
0.782138 23
0.000135 6
0.000073 12
0.000161 8
0.013770 6
0.000048 12
0.000008 7
0.007554 6
0.000081 12
0.000008 5
0.026881 18
0.000218 12
0.000268 25
0.000094 15
0.000022 156
0.000256 6
0.000139 12
0.000026 12
0.000037 17
0.000010 80
0.000052 134
0.020102 6
0.000225 12
0.001042 28
0.000080 137
0.000106 25
0.026772 18
0.000079 12
0.000043 17
0.000036 98
0.000061 97
0.000046 50
0.000020 11
0.023135 18
0.000066 12
0.000035 17
0.000032 57
0.000039 146
0.000095 121
0.000027 11
0.047328 6
0.000647 12
0.000124 12
0.000015 17
0.000089 27
0.309598 6
0.000210 12
0.013697 6
0.000157 12
0.015003 6
0.000207 12
0.014631 6
0.000105 12
0.018497 6
0.000243 12
0.027520 6
0.000126 12
1.262621 18
0.000067 6
0.155980 18
0.000250 5
0.136353 22
0.000117 19
0.000059 50
0.000039 126
0.000036 138
0.000041 104
0.000022 11
0.000024 12
0.000031 5
0.520285 6
0.000074 12
0.000074 3
0.001106 23
0.024501 6
0.000021 12
0.000127 5
0.035266 6
0.000094 12
0.000141 4
0.433066 18
0.000615 3
0.000018 22
0.031804 21
0.000151 21
0.000120 18
0.000295 3
0.021366 6
0.000266 12
0.000221 30
0.000136 38
0.000117 11
0.010920 6
0.000730 12
0.000134 11
0.000097 17
0.000112 106
0.000065 49
0.000122 93
0.000047 11
0.017194 18
0.000112 28
0.000071 266
0.000120 99
0.009904 6
0.000124 12
0.000053 11
0.000229 101
0.027302 18
0.042396 18
0.743045 505
0.000061 18
0.297674 56
0.014054 587
0.224983 6
0.000234 5
0.000205 8
0.000039 12
0.000031 32
0.000040 8
0.000934 8
0.000063 78
1.366024 1
0.172315 1
0.218730 1
0.226992 1
0.040576 1
0.257266 1
0.580676 1
0.167428 1
0.310172 1
0.129860 1
0.154405 1
0.304844 4
0.178265 1
0.229315 1
0.128873 1
0.277620 1
0.353777 11
0.002624 86
0.993631 1
0.178229 1
0.154697 1
0.168255 1
0.227460 1
0.113578 1
0.273357 1
0.650309 11
0.069902 86
11.105801 7
0.502198 11
0.070599 86
10.067929 7
0.269192 11
0.057788 86
157.652035 1
0.218161 1
0.370973 1
0.079648 1
0.285031 11
0.000026 4
0.001396 2
