0.009532 14
0.010289 86
14.255591 1
0.180562 1
0.202292 1
0.100416 1
0.119531 1
0.284985 1
0.209693 1
0.211227 1
0.137629 1
0.184232 1
0.090977 1
0.208263 1
0.559799 1
0.373901 1
0.248752 1
0.236420 1
0.298086 1
0.163545 1
0.773701 1
0.548370 1
0.274588 1
0.439296 1
0.600156 1
0.203967 1
0.126986 1
0.206552 1
0.279570 1
0.919096 1
0.273985 1
0.476623 1
0.421011 1
0.147018 1
0.076986 1
0.335878 1
1.302774 11
0.004822 86
0.699255 1
0.099995 1
0.328888 11
0.007400 83
0.000058 2
0.000094 75
0.000017 61
0.000045 72
0.000017 56
0.000084 79
0.000016 2
0.000017 85
0.000017 85
0.000015 2
0.000016 79
0.000050 96
0.000073 81
0.000017 2
0.000017 95
0.000048 186
0.000017 2
0.000018 52
0.000070 2
0.000759 86
27.261335 1
0.160602 1
0.115876 1
0.386089 1
0.672142 1
0.286204 1
0.183027 1
0.179199 1
0.084634 1
0.177705 1
0.072836 1
0.207266 1
1.762603 4
9.225581 1
0.909747 11
0.011594 8
0.000213 78
0.598668 1
0.094051 1
0.673182 1
0.245748 1
0.176462 1
0.149154 1
0.176294 1
0.091108 1
0.198130 1
0.475113 1
0.648806 1
0.286756 1
0.260042 1
0.152651 1
0.082233 1
0.305591 1
0.796889 1
0.207462 1
0.187495 1
0.107344 1
0.153696 1
0.071443 1
0.185782 1
0.181896 1
1.073867 11
0.009992 86
0.459415 1
0.070029 1
0.331496 1
0.288011 1
0.273455 1
0.344500 4
1.583747 1
0.219135 1
0.221245 1
0.107857 1
0.182902 1
1.898496 11
0.003509 116
3.065483 1
0.068503 1
0.629719 2
0.000331 9
0.001441 803
0.000054 364
0.000662 8
0.000025 78
12.176645 1
0.242314 1
0.220469 1
0.206559 1
0.206381 1
0.294150 1
0.181285 1
0.163088 1
0.202420 1
0.284294 1
1.196095 1
0.274215 1
0.260498 1
0.197989 1
0.152474 1
0.074425 1
0.295209 1
1.203251 11
0.011000 86
0.271558 1
0.076142 1
0.201655 2
0.000893 9
0.003419 1110
0.000213 86
10.552245 1
0.415861 1
0.138387 1
0.183308 1
0.903436 1
0.312994 1
0.410969 1
0.519799 4
0.772676 1
1.657340 1
0.331163 1
0.079419 1
0.908904 1
0.155279 1
0.190833 1
0.087292 1
0.168806 1
0.031721 1
0.209817 1
0.627942 1
0.368561 4
0.431824 1
1.095721 1
0.451986 11
0.003740 116
1448.585707 2
0.203479 2
0.212439 2
0.085292 2
0.340148 4
0.154731 4
0.239906 4
0.135516 4
1.304547 1
0.154771 1
0.275441 1
0.110176 1
0.095707 1
0.728047 1
0.131062 1
0.208800 1
0.134860 1
0.326139 1
2.262562 11
0.004727 86
1.098954 1
0.068927 1
0.083931 1
0.222931 1
0.152073 1
0.196013 1
0.153401 1
0.266640 1
0.151249 1
1.425172 11
0.056824 8
0.000320 54
0.000025 13
0.002769 672
1.173891 51
0.000060 40
0.000041 62
0.000042 81
0.000047 128
0.000042 85
0.000035 43
0.000166 118
0.000184 13
0.000061 4
0.000034 11
0.000035 12
1.532928 22
0.049532 6
0.000115 12
0.000152 5
0.053267 6
0.000125 16
0.085199 6
0.000026 12
0.000190 130
0.089746 18
0.000103 12
0.000050 17
0.000110 178
0.129209 6
0.000494 136
0.027650 6
0.000290 12
0.000168 117
0.029620 6
0.000223 12
0.000086 11
0.000164 15
0.000018 20
0.000129 11
0.022046 6
0.000209 12
0.053882 6
0.000040 12
0.000402 6
0.000068 12
0.287824 6
0.001049 12
0.000022 4
0.044530 23
0.052313 25
0.049938 23
0.047451 18
0.000132 5
0.048315 18
0.000068 5
0.074784 18
0.000132 14
0.000072 18
0.000055 118
0.000044 9
0.000031 11
1.715720 79
0.260494 6
0.000119 12
2.285204 6
0.000116 12
0.000653 28
0.000114 21
0.056824 23
0.149876 18
0.000386 5
0.034835 22
0.034163 18
0.000142 5
0.024287 24
0.043590 138
0.552482 6
0.000015 12
0.000114 29
0.000012 20
0.000009 11
0.049496 6
0.000021 12
0.000366 18
0.141334 18
0.106313 6
0.000022 12
0.041667 18
0.061820 18
0.321651 18
0.000091 4
0.041221 6
0.000152 17
0.044345 25
0.041846 6
0.000270 12
0.000059 5
0.044738 18
0.000320 5
0.042511 18
0.000139 5
0.067642 188
0.064790 79
0.086804 18
0.363157 25
0.119430 23
0.040102 23
0.056404 22
0.037158 23
0.037117 24
0.035918 138
0.033970 78
0.058852 18
55.922454 6
0.000025 13
1.765814 18
1.119735 18
0.000224 4
0.501479 6
0.000752 12
0.000027 4
0.034457 22
0.022952 6
0.000106 16
0.039938 18
0.000705 4
0.029350 22
0.031253 22
0.031791 23
0.017578 6
0.000105 12
0.000026 5
0.029626 6
0.000023 12
0.000016 5
0.031930 18
0.000022 5
0.027103 6
0.000153 17
0.030421 18
0.000070 5
0.037606 18
0.000089 5
0.022344 23
0.034532 6
0.000036 17
0.033139 23
0.022347 23
0.034027 23
0.028046 172
0.029318 34
0.000061 15
0.000016 8
0.000015 11
0.029624 18
0.000185 16
0.000720 36
0.029846 49
0.029770 18
0.027814 18
0.030601 18
0.029186 18
0.029877 18
0.033392 18
0.026614 18
0.033097 18
0.028620 18
0.031785 18
0.032020 18
0.399376 240
1.524456 19
0.918593 7
0.000024 12
1.493347 67
0.000498 86
1.182057 9
0.477536 11
0.008618 196
0.002136 99
0.000019 6
0.000104 6
0.000012 215
0.000052 208
0.000040 17
0.990105 6
0.001244 7
0.000189 32
0.001107 82
0.000099 160
0.000016 106
0.000060 91
0.000071 45
0.000067 20
0.000016 12
2.247916 18
0.000021 3
0.505530 18
0.000136 4
0.027356 18
0.000307 7
0.030877 21
0.025954 18
0.000014 3
0.038929 21
0.021626 6
0.000170 12
0.000085 3
0.029858 6
0.000022 12
0.000072 4
0.028862 25
0.030751 21
0.034968 45
0.027798 18
0.000083 11
0.000047 15
0.000074 63
0.000030 11
0.030518 18
0.000129 27
0.000118 60
0.030174 6
0.000178 12
0.000169 93
0.031636 18
0.000380 12
0.000085 15
0.030051 153
0.026754 6
0.000265 12
0.000081 12
0.000043 15
0.000076 63
0.000029 11
0.036411 18
0.000135 12
0.000024 15
0.031350 18
0.000090 11
0.000225 15
0.000096 47
0.000032 11
0.019495 18
0.000095 12
0.000059 15
0.000081 29
0.028306 18
0.000141 27
0.031596 75
0.027165 18
0.033302 18
0.028310 18
0.030934 18
0.036963 18
0.030686 18
0.032037 18
0.017817 6
0.000023 12
0.030387 18
1.234788 451
0.585364 53
0.010287 504
0.593546 72
0.002039 86
5.851962 1
0.298154 1
0.154489 1
0.199341 1
0.094810 1
0.882539 1
0.218436 1
0.291571 1
0.492129 1
0.224650 1
0.235119 1
0.178745 1
0.294125 1
1.240612 2
0.000760 9
0.011451 8
0.002994 78
1.003662 1
0.372118 1
0.388374 1
0.241558 1
0.155783 1
0.355900 1
0.958597 11
0.012292 17
0.000028 2
2.030358 17
0.000481 2
2.054612 17
0.001307 2
2.009380 19
2.002962 19
2.023824 75
2.006139 19
2.012429 19
2.005133 19
2.007895 17
0.001019 2
2.007191 75
2.028034 19
2.007366 19
2.004200 19
2.006432 19
1.383866 2
1.487095 2
6.450662 2
1.258867 2
9.356533 2
1.126809 6
0.549800 1
0.021460 1
0.153587 1
0.209151 3
0.180608 3
0.166250 3
9.498980 2
1.100738 2
7.942051 2
0.866943 6
0.437282 2
0.571096 6
3.828012 1
0.272541 1
0.734616 1
0.084554 1
0.285034 2
98.101187 2
0.083588 2
0.607040 3
0.118065 3
0.604668 1
0.032239 1
0.363347 2
2.428369 1
0.155047 1
0.203804 2
79.758778 117
0.001019 107
