0.022633 14
0.031857 86
33.716312 1
0.191399 1
0.214563 1
0.098348 1
0.096416 1
0.726636 1
0.139892 1
0.121243 1
0.086471 1
2.087248 1
0.546712 4
0.185665 4
0.177276 4
0.586801 1
0.236018 1
0.466351 1
0.193889 1
0.355783 1
4.617878 11
0.004135 86
0.696778 1
0.075950 1
0.086444 1
0.221813 1
0.158327 1
0.159885 1
0.309123 1
0.405462 1
0.957245 1
0.180505 1
0.374355 1
2.043308 11
0.006704 62
0.000112 7
0.000037 6
0.001167 29
0.000057 28
0.000033 6
0.000367 8
0.000644 32
0.000686 18
0.000031 130
0.000436 538
0.732429 6
0.003682 40
0.001350 6
0.000032 401
0.000036 22
0.000022 31
0.000022 178
0.000013 17
0.000013 11
0.000010 12
0.847979 18
0.000520 5
0.042710 22
0.023285 21
0.000384 6
0.000045 16
0.024339 18
0.000116 13
0.000031 15
0.000081 325
0.000014 6
0.018695 18
0.000112 12
0.000108 17
0.000105 83
0.000061 18
0.000133 110
0.000031 11
0.019312 18
0.000257 220
0.026956 18
0.000126 12
0.000129 17
0.000240 273
0.053785 6
0.001447 12
0.000022 225
0.094526 6
0.000233 12
0.000582 12
0.000120 15
0.000361 155
0.305475 6
0.000096 12
0.022514 6
0.000044 12
0.000117 18
0.019080 6
0.000185 12
0.015495 18
0.016985 18
0.016942 6
0.000081 12
0.031160 6
0.000130 12
1.353013 260
0.000846 2250
0.000088 42
0.054928 32
0.000836 36
0.000446 2400
0.000086 22
0.000074 41
0.001600 591
0.000251 42
0.028457 3194
0.025914 3361
0.021118 32
0.000240 36
0.002582 2724
0.000384 560
0.000025 18
0.000013 18
0.024327 68
0.001429 2711
0.001898 614
0.024946 68
0.001106 2484
0.000135 560
0.000013 12
0.000383 12
0.000017 12
0.050743 32
0.001270 3418
0.035438 32
0.000039 36
0.001158 3365
0.049596 68
0.000225 2715
0.000077 41
0.000723 648
0.000029 12
0.000007 12
0.054581 32
0.000018 36
0.000569 2048
0.000106 716
0.000015 8
0.000085 7
0.000169 62
0.001532 634
0.000030 6
0.000036 12
0.000037 6
0.000028 6
0.000034 12
0.028106 68
0.000528 2048
0.000134 726
0.000014 7
0.000042 7
0.001428 40
0.000019 618
0.000029 6
0.000049 12
0.000039 6
0.000027 6
0.000034 12
0.035396 68
0.000479 2048
0.000117 437
0.000063 8
0.000136 7
0.000054 7
0.001039 40
0.001085 636
0.000048 6
0.000058 12
0.000056 6
0.000040 6
0.000044 12
0.049955 68
0.000294 2048
0.000069 723
0.000056 8
0.000061 7
0.000020 7
0.000117 55
0.001177 638
0.000011 42
0.073076 32
0.001095 36
0.000039 2048
0.000169 727
0.000101 8
0.000146 7
0.000048 7
0.000345 41
0.001635 640
0.000033 6
0.000041 12
0.000042 6
0.000030 6
0.000051 12
0.877832 68
0.000586 2048
0.000042 731
0.000057 8
0.000094 7
0.000031 7
0.000187 55
0.002245 642
0.000107 42
0.303504 32
0.000040 36
0.000517 2048
0.000039 735
0.000052 8
0.000091 7
0.000029 7
0.000177 41
0.001733 641
0.000033 6
0.000072 36
0.034184 68
0.000558 2048
0.000161 739
0.000058 8
0.000163 7
0.000026 7
0.000184 55
0.001647 641
0.000092 6
0.000013 18
0.000043 18
0.035717 68
0.000517 2048
0.000110 741
0.000209 8
0.000107 7
0.000026 7
0.000193 41
0.001412 648
0.000061 18
0.000083 12
0.000045 12
0.052143 3631
0.068091 32
0.000240 36
0.000506 2048
0.000056 751
0.000051 8
0.000089 7
0.000027 7
0.000187 41
0.001438 652
0.000031 6
0.000037 12
0.000054 6
0.000032 6
0.000037 12
0.261824 68
0.000689 2048
0.000324 755
0.000328 15
0.000464 7
0.000452 55
0.002764 654
0.000039 6
0.000102 12
0.000019 6
0.000053 18
0.196736 32
0.000363 36
0.000567 2048
0.000313 761
0.000142 8
0.000144 7
0.000035 7
0.000218 45
0.001826 636
0.000038 6
0.000044 12
0.000048 6
0.000033 6
0.000040 12
1.009264 68
0.000337 36
0.000033 8
0.000072 7
0.000015 7
0.000164 212
0.001262 2048
0.000117 816
0.000118 6
0.000029 12
0.000049 6
0.000087 32
0.000671 36
0.000412 2048
0.000017 141
0.000025 8
0.000146 7
0.000017 7
0.000308 103
0.001104 882
0.000018 6
0.000021 12
0.000023 6
0.000015 6
0.000029 12
8.853887 273
0.003318 2637
0.000013 38
0.000123 36
0.000100 36
0.000008 8
0.000044 14
0.000096 153
0.002644 2679
2.012614 32
0.001338 2580
0.002656 702
0.038844 68
0.000055 2805
0.000024 8
0.000023 14
0.000417 16
0.001290 676
0.037751 277
0.001551 2673
0.022335 275
0.001169 2664
0.020875 32
0.001168 241
0.000338 2661
0.021600 270
0.001476 2652
0.020568 32
0.000102 80
0.000015 14
0.000755 142
0.000263 2577
0.019690 32
0.001074 233
0.000299 2567
0.018827 32
0.000855 232
0.000389 2566
0.022868 68
0.000119 36
0.000030 8
0.000040 7
0.000015 7
0.000100 135
0.001240 2048
0.000028 490
0.017361 32
0.000065 36
0.000045 36
0.000007 8
0.000033 14
0.000083 133
0.001086 2048
0.000193 430
0.000005 12
0.000106 12
0.000017 12
0.018197 32
0.000119 36
0.000043 36
0.000004 8
0.000039 14
0.000099 132
0.000934 2048
0.000059 410
0.000019 18
0.000017 18
0.020056 256
0.000461 2415
0.000177 42
0.016813 32
0.000127 36
0.000008 36
0.000039 8
0.000010 14
0.000142 128
0.000933 2048
0.000089 377
0.000007 12
0.000030 12
0.015045 32
0.000152 36
0.000032 36
0.000005 8
0.000062 14
0.000081 127
0.000928 2048
0.000012 178
0.000008 6
0.000008 12
0.000049 24
0.017781 32
0.000095 36
0.000042 36
0.000007 8
0.000044 14
0.000068 126
0.000923 2267
0.018984 32
0.000139 36
0.000020 44
0.000045 14
0.000109 125
0.001296 2242
0.000012 24
0.015698 32
0.000129 36
0.000055 36
0.000008 8
0.000048 14
0.000165 124
0.000928 2265
0.028571 32
0.000116 36
0.000118 36
0.000026 8
0.000274 14
0.000008 122
0.000805 2253
0.045167 32
0.000241 72
0.000008 8
0.000034 14
0.000214 121
0.000998 2201
6.122122 6
0.000108 16
0.017611 6
0.000052 12
0.000144 4
0.018170 6
0.000152 17
0.015324 6
0.000078 12
0.000083 28
0.016610 6
0.000113 17
0.025167 23
0.000186 23
0.699937 490
0.444917 56
0.012964 85
0.000262 438
0.353419 6
0.000313 66
0.001054 86
0.737818 1
0.210773 1
0.215780 1
0.203733 1
0.106320 1
0.279658 1
0.279119 1
0.255671 1
0.160811 1
0.158689 1
0.360814 1
0.226206 1
0.300349 1
0.159338 1
0.325310 1
2.140085 11
0.002824 86
1.379807 1
0.180524 1
0.192251 1
0.449710 1
0.210255 1
0.387796 1
0.133991 1
0.290920 1
0.500091 11
0.002998 48
1.190063 1
0.214988 1
0.236985 1
0.273019 1
0.237995 3
0.204320 3
0.181120 3
0.206964 3
0.481412 1
0.117449 1
0.219605 1
0.194612 1
0.458737 2
0.029935 163
0.000606 86
6.683203 8
0.960299 11
0.002940 48
0.670051 1
0.249482 1
0.164381 1
0.107660 1
0.139341 1
0.117807 1
0.125627 1
0.217390 2
0.023779 145
0.000476 8
0.000154 78
111.584339 1
0.164379 1
0.220620 1
0.104952 1
0.119945 1
0.653116 1
0.953094 1
0.457192 1
0.218677 1
0.730951 4
0.169383 4
0.177738 4
0.867973 1
0.363752 1
0.177222 1
0.557093 1
0.091760 1
0.337863 1
1.399303 11
0.005276 86
0.415331 1
0.082080 1
0.082843 1
0.229545 1
0.182029 1
0.233050 1
0.309037 1
0.137593 1
0.170431 1
0.095630 1
0.283886 1
0.274008 11
0.008770 62
0.000017 13
0.000786 29
0.000009 28
0.001175 64
0.000018 118
0.000008 6
0.000349 455
0.000018 5
0.000025 12
0.704080 6
0.002175 39
0.002989 5
0.001458 76
0.000012 114
0.000086 121
0.000116 67
0.000012 47
0.000059 60
0.000011 12
0.000009 10
0.000070 54
0.000054 128
0.000011 91
0.000052 25
0.000012 12
1.146747 23
0.029668 6
0.000181 16
0.019187 6
0.000179 16
0.017513 6
0.000080 12
0.000072 4
0.018319 6
0.000310 24
0.000100 17
0.000014 30
0.000082 79
0.000027 11
0.021969 18
0.000132 12
0.000113 17
0.000182 89
0.000190 63
0.000042 11
0.032683 18
0.000136 12
0.000060 17
0.000044 12
0.000090 146
0.000031 11
0.038552 18
0.000189 12
0.000058 17
0.000111 139
0.000067 172
0.000083 28
0.033322 18
0.000140 12
0.000072 17
0.000070 82
0.000089 70
0.000047 11
0.330352 18
0.000156 12
0.000057 17
0.000051 21
0.000088 83
0.000099 11
0.023623 18
0.017209 18
0.012023 18
0.014992 18
0.016969 18
0.018086 18
0.035455 18
1.509707 32
0.000236 36
0.000207 36
0.000010 8
0.000152 14
0.000310 212
0.001879 2699
0.000013 50
0.000635 36
0.000796 2008
0.000013 7
0.000008 7
0.000365 123
0.001575 881
0.639373 18
0.014920 18
0.013801 18
0.012041 18
0.018469 18
0.023697 18
0.077926 18
0.678544 18
0.000138 30
3.282615 6
0.000183 115
0.000131 6
1.245520 6
0.000379 17
8.178844 6
0.000113 12
0.797842 621
0.787904 6
0.000431 50
0.013651 910
0.947112 20
0.000057 12
0.000064 32
0.000046 8
0.001196 8
0.000055 78
2.113841 83
0.001160 83
10.707455 1
1.934376 4
0.156475 1
0.260674 1
0.117237 1
0.211446 1
0.068553 1
0.330115 1
0.212824 1
0.297389 1
0.451731 4
0.139042 4
0.306322 1
0.207849 1
0.237092 1
0.257741 1
0.321986 1
0.184053 1
0.210359 1
0.122612 1
0.308372 1
0.389816 11
0.003131 86
2.192765 1
0.153367 1
0.146764 1
0.369319 1
0.216075 1
0.254387 1
0.125434 1
0.274773 1
0.340799 11
0.005496 78
0.000671 8
0.000108 78
19.095775 1
0.070396 1
1.988586 1
0.269447 1
1.002944 1
0.189878 8
0.671155 117
0.398059 13
0.233206 25
1.856645 4
0.509953 4
0.028209 4
0.032165 4
0.041315 4
0.007957 4
0.031103 4
0.030176 4
0.028799 1
0.032686 1
0.027542 1
0.030248 1
0.029652 1
1.308908 1
0.178020 1
0.178942 1
0.278873 1
0.326723 4
0.269861 1
0.074167 1
0.178717 1
0.271170 1
0.089217 1
0.219295 1
0.216001 1
2.691529 1
3.257772 1
0.201691 1
1.637877 1
0.309608 1
0.166070 1
0.176425 1
0.131039 1
0.302193 1
0.308632 2
0.000028 9
0.010987 109
0.006422 14
1.008792 8
0.000052 98
32.208510 1
0.160458 1
0.258684 1
0.160572 1
0.135614 1
0.239297 11
0.000031 8
0.003286 78
94.949929 1
0.140060 1
0.211870 1
0.082515 1
0.105918 1
0.174590 1
0.199849 1
0.336631 1
0.172447 1
0.258221 1
0.201089 1
0.288962 1
0.228688 11
0.004752 8
0.000046 78
0.456490 1
0.080019 1
0.079419 1
0.207506 1
0.127090 1
0.399809 1
0.531422 4
0.080071 1
0.317522 1
0.198490 1
0.192056 1
0.139689 1
0.300609 1
1.046458 11
0.006577 75
0.000078 29
0.000011 92
0.001348 124
0.000018 472
0.695279 6
0.010580 7
0.000206 16
0.000109 16
0.006335 6
0.000149 183
0.000100 39
0.000114 65
0.000112 137
0.000314 171
0.000273 647
1.119684 6
0.000296 20
0.035343 25
0.000090 6
0.000042 12
0.000045 4
0.000241 25
0.021794 22
0.000097 18
0.000124 7
0.021435 18
0.000054 7
0.017794 18
0.000181 12
0.000085 17
0.000166 43
0.000090 19
0.000083 68
0.000144 11
0.020076 247
0.027303 160
0.045231 193
0.232093 18
0.000268 81
0.017965 442
0.011360 6
0.000161 12
0.000097 12
0.000046 17
0.000042 27
0.000066 14
0.000029 11
0.014224 18
0.000134 12
0.000061 17
0.000184 369
0.019496 18
0.000182 12
0.000050 17
0.000046 38
0.000139 51
0.000009 11
0.010505 18
0.000097 12
0.000095 17
0.000050 12
0.000142 45
0.000043 11
0.026575 18
0.000117 12
0.000058 17
0.000071 185
0.000054 129
0.000147 29
0.267676 248
0.017486 6
0.000178 12
0.000100 11
0.000199 15
0.000133 16
0.000037 11
0.016590 18
0.018431 18
0.031164 18
0.046412 18
1.213839 68
0.000290 36
0.006105 4095
0.000072 3778
0.412177 18
0.000103 7
0.028246 18
0.000063 8
0.025175 18
0.000058 8
0.023666 18
0.000178 8
0.033900 18
0.000122 5
0.030140 18
0.000063 8
0.026757 6
0.000278 12
0.000066 8
0.000102 6
0.000095 12
0.000084 7
0.157275 18
0.000081 8
0.001269 6
0.000021 20
0.037311 18
0.000457 407
0.050635 18
0.000499 482
0.504011 18
0.000064 8
0.319261 6
0.000250 12
0.000655 8
0.022439 6
0.000131 18
0.000109 6
0.000052 12
0.000047 8
0.000137 6
0.000034 12
0.000339 14
0.000021 20
0.000101 25
0.016276 18
0.000171 14
0.000016 12
0.000044 8
0.014683 6
0.000057 12
0.000045 8
0.000013 6
0.000094 12
0.000114 8
0.019229 6
0.000165 17
0.007376 6
0.000233 12
0.000079 7
0.015612 6
0.000247 12
0.000021 5
0.000100 6
0.000177 12
0.000176 7
0.023655 6
0.000470 12
0.000433 254
0.051656 6
0.000482 12
0.000350 213
0.000081 6
0.000284 12
0.000372 248
0.247736 6
0.000080 12
0.000653 6
0.000018 12
0.022554 18
0.000107 6
0.000048 12
0.000140 18
0.000109 18
0.000216 18
0.028365 6
0.000266 12
0.000117 18
0.006067 18
0.000230 18
0.000137 18
0.026856 6
0.000299 12
0.033492 6
0.000159 12
6.471992 32
0.000020 36
0.000147 44
0.000105 7
0.000027 7
0.000251 115
0.001116 1792
0.000033 6
0.000041 12
0.001810 2321
21.560158 333
0.000092 145
0.000090 12
0.315857 56
0.012643 523
0.351009 20
0.000167 12
0.000045 32
0.000050 8
0.001229 86
0.579746 1
0.064182 1
0.149085 4
0.127458 4
0.836844 1
0.144574 1
0.248482 1
0.212688 1
0.096129 1
0.440651 1
0.446963 1
0.244195 1
0.273562 1
0.192614 1
0.295257 1
0.136880 1
0.169621 1
0.116985 1
0.270355 1
0.197322 11
0.004066 8
0.000041 78
1.275961 1
0.172839 1
0.497222 1
0.327459 1
0.125326 1
0.132933 1
0.133174 1
0.272667 1
0.918291 11
0.006722 164
0.000038 86
4.507239 8
0.966024 1
0.487288 1
0.096150 1
0.151614 1
0.185816 1
0.075423 1
0.309147 1
0.440795 1
0.097720 1
0.183834 1
0.187783 1
3.788778 1
0.505136 1
0.030892 1
0.035468 1
0.030982 1
0.020285 1
1.180316 3
0.510725 3
0.031778 3
0.033611 3
0.026936 3
0.020963 3
0.026899 1
0.030012 1
0.029814 1
0.029071 1
0.030386 1
0.030339 1
0.302219 4
0.500019 4
0.031084 4
0.029970 4
0.030800 4
0.029440 4
0.194547 4
0.185932 4
0.154389 4
0.151598 4
0.140985 1
0.212999 1
0.146169 1
0.096318 1
0.431715 1
0.143057 1
0.313153 1
0.069215 1
0.198870 1
0.175961 1
0.729854 4
0.149670 4
0.149341 4
0.522089 1
0.478079 1
0.292970 1
0.227010 1
0.280703 1
0.552269 1
0.296963 1
1.238187 1
0.746029 4
0.149473 4
0.160275 4
0.422960 4
0.121107 1
0.170144 1
0.226192 1
0.069156 1
0.244650 1
0.414896 1
0.092341 1
0.185516 1
0.565041 4
0.228845 4
0.567757 1
0.210476 1
0.163184 1
0.210072 1
0.297191 11
0.018641 63
0.017741 63
0.010148 63
0.012046 63
0.009118 63
0.012485 63
0.008203 63
0.007183 63
0.003732 63
0.008414 63
0.007989 61
0.000554 2
0.007141 63
0.005870 61
0.000145 2
0.005099 63
0.003961 63
0.004739 63
0.004678 63
0.006264 63
0.002254 63
0.005841 63
0.007056 63
0.004897 63
0.004845 63
0.009106 63
0.007892 63
0.004976 63
0.005526 63
0.004256 63
0.013150 63
0.007205 63
0.005142 63
0.003516 63
0.003479 63
0.003455 63
0.015404 63
0.005218 63
0.005054 63
0.004736 63
0.004525 63
0.006055 63
0.005600 63
0.007950 61
0.000966 2
0.008502 63
0.007250 63
0.003897 63
0.004898 63
0.006362 63
0.008057 63
0.006333 61
0.000251 2
0.007811 63
0.003660 63
0.004714 63
0.006556 63
0.001736 63
0.006322 63
0.002815 63
0.007156 63
0.006013 63
0.004556 63
0.004624 63
0.005925 63
0.005557 63
0.005052 63
0.007517 63
0.006865 61
0.000454 2
0.006038 61
0.000040 2
0.006248 61
0.000018 2
0.009412 63
0.004804 63
0.005038 63
0.003797 63
0.006579 63
0.010250 63
0.004950 63
0.003822 63
0.003735 63
0.003512 63
0.004447 63
0.005178 63
0.004519 63
0.005170 63
0.004193 63
0.005053 63
0.004184 63
0.004610 63
0.007040 63
0.005967 61
0.000493 2
0.007805 63
0.004345 63
0.005753 63
0.002224 61
0.000878 2
0.007617 61
0.000441 2
0.006865 63
0.005818 63
0.005149 63
0.006012 63
0.012978 63
0.004191 63
0.004063 63
0.004379 63
0.005525 63
0.006112 63
0.006493 63
0.010298 63
0.007409 63
0.007174 63
0.007029 63
0.005674 63
0.003493 61
0.000744 2
0.007684 63
0.007006 63
0.007375 63
0.003993 63
0.004719 63
0.007979 63
0.008734 63
0.006600 63
0.006997 63
0.008674 63
0.006928 63
0.006813 63
0.007161 63
0.008395 63
0.005135 63
0.004295 63
0.004062 63
0.004319 63
0.004927 63
0.008721 63
0.004456 63
0.004952 63
0.004397 61
0.000140 2
0.004670 63
0.003077 63
0.006665 63
0.005127 63
0.005017 63
0.006501 63
0.007318 63
0.005248 63
0.004393 63
0.007777 63
0.004448 63
0.004943 63
0.004767 63
0.003704 63
0.005032 63
0.006884 63
0.004197 63
0.006351 61
0.000055 2
0.005280 63
0.005948 63
0.007914 63
0.005433 63
0.004438 63
0.006078 63
0.007265 63
0.005954 63
0.006597 63
0.004926 63
0.003653 61
0.000018 2
0.009873 63
0.003458 63
0.004318 63
0.005654 63
0.004768 63
0.004578 61
0.000062 2
0.007304 63
0.007301 63
0.007551 63
0.004004 61
0.000336 2
0.006514 63
0.004239 63
0.004411 63
0.004735 63
0.007688 63
0.006601 63
0.005762 63
0.007532 61
0.000553 2
0.007906 61
0.000631 2
0.006534 63
0.007820 63
0.007075 63
0.006329 63
0.006992 63
0.006672 61
0.000143 2
0.005718 63
0.007912 63
0.009889 63
0.005055 63
0.005538 63
0.003901 61
0.001003 2
0.004866 63
0.005180 63
0.006552 63
0.008419 63
0.008139 63
0.006275 63
0.005047 61
0.000071 2
0.005172 63
0.004292 63
0.007040 63
0.007558 63
0.004506 63
0.003470 63
0.003920 63
0.005443 61
0.000008 2
0.007933 63
0.004705 63
0.004438 61
0.000021 2
0.006435 63
0.003518 63
0.007277 63
0.005066 63
0.005038 63
0.004073 63
0.005189 63
0.006155 63
0.004832 63
0.007707 63
0.008830 63
0.003211 63
0.008898 63
0.007831 61
0.000038 2
0.006836 63
0.006156 61
0.000446 2
0.006897 63
0.007875 63
0.005669 63
0.005236 63
0.005842 63
0.006844 63
0.005877 63
0.005261 61
0.000061 2
0.007187 63
0.004700 63
0.007912 63
0.005465 63
0.004799 61
0.000021 2
0.005547 61
0.000215 2
0.005623 63
0.004192 63
0.004369 61
0.000018 2
0.005565 61
0.000018 2
0.006033 61
0.000321 2
0.007992 63
0.006258 63
0.003078 63
0.005670 63
0.005275 63
0.006485 63
0.003107 63
0.004935 63
0.007303 63
0.005799 63
0.006585 63
0.007402 63
0.009430 63
0.007908 63
0.004410 61
0.000228 2
0.004639 63
0.003851 61
0.000017 2
0.007262 63
0.004294 61
0.000018 2
0.004103 61
0.000301 2
0.004721 63
0.004595 61
0.000210 2
0.005530 63
0.004454 63
0.007243 63
0.004388 63
0.003773 61
0.000053 2
0.004607 61
0.000161 2
0.004781 63
0.003935 63
0.005083 63
0.004002 63
0.003140 63
0.006869 63
0.006457 63
0.005086 63
0.004687 63
0.003569 63
0.004594 63
0.003967 63
0.004720 63
0.004027 63
0.005505 63
0.004513 63
0.004390 63
0.004504 63
0.004321 63
0.004770 63
0.004617 61
0.000025 2
0.003741 63
0.004535 63
0.004590 63
0.006478 63
0.005886 63
0.007647 63
0.005139 63
0.003021 63
0.005068 63
0.005120 63
0.005733 63
0.003439 61
0.000017 2
0.005016 61
0.000218 2
0.003778 63
0.004133 61
0.000528 2
0.004089 63
0.005074 63
0.004385 61
0.000053 2
0.004459 61
0.000027 2
0.006001 61
0.000541 2
0.003458 63
0.004535 63
0.004444 63
0.003869 63
0.004283 63
0.003135 63
0.007129 63
0.006391 63
0.003304 63
0.004436 63
0.004709 63
0.006303 63
0.004574 63
0.006222 63
0.004908 63
0.005353 63
0.005823 63
0.003782 63
0.004170 63
0.005077 63
0.003564 63
0.004453 63
0.004038 63
0.006852 63
0.005415 63
0.006237 63
0.003976 63
0.006136 63
0.006021 63
0.004417 63
0.005899 63
0.001938 63
0.004253 63
0.006249 63
0.004476 63
0.004933 63
0.004423 63
0.004879 63
0.006255 63
0.003826 63
0.004568 61
0.000018 2
0.006168 63
0.005051 63
0.005321 63
0.004337 63
0.006858 63
0.004122 63
0.004868 63
0.004280 63
0.005598 63
0.004661 63
0.004390 63
0.005440 63
0.005700 63
0.004144 63
0.003871 63
0.005285 63
0.006090 63
0.002888 63
0.004527 63
0.004668 63
0.004141 63
0.005381 63
0.005071 63
0.006525 63
0.004528 63
0.004063 63
0.006730 63
0.005767 63
0.005616 63
0.006560 63
0.005004 63
0.004532 63
0.003029 63
0.007235 63
0.005694 63
0.007905 63
0.004112 63
0.006352 63
0.004667 63
0.004618 63
0.007068 63
0.004839 61
0.000022 2
0.004747 61
0.000018 2
0.003720 61
0.000018 2
0.013926 63
0.006659 63
0.005465 63
0.005341 63
0.005849 63
0.006051 63
0.005764 63
0.004886 63
0.006582 63
0.004358 63
0.005857 63
0.005431 63
0.007178 63
0.004455 63
0.003729 63
0.003695 63
0.004273 63
0.004666 63
0.007998 63
0.005237 63
0.007589 63
0.004571 63
0.004572 63
0.005267 61
0.000426 2
0.004529 61
0.000058 2
0.004990 61
0.000337 2
0.004797 63
0.004219 63
0.003992 63
0.005089 63
0.008915 63
0.005231 63
0.006589 63
0.005705 63
0.007165 63
0.005262 63
0.007469 63
0.005022 63
0.004544 63
0.004274 61
0.000013 2
0.005938 63
0.005542 63
0.005644 63
0.007277 63
0.005421 63
0.007791 63
0.005451 63
0.005990 63
0.005827 63
0.004997 63
0.007664 63
0.005848 63
0.005099 61
0.000050 2
0.004739 61
0.000023 2
0.005905 61
0.000018 2
0.004391 63
0.007096 63
0.005521 63
0.007521 63
0.004939 63
0.006542 63
0.004529 63
0.003534 63
0.003473 63
0.004055 63
0.005135 63
0.002351 63
0.005526 63
0.005687 63
0.004528 63
0.005733 63
0.004947 63
0.006517 63
0.004444 61
0.000017 2
0.004380 61
0.000025 2
0.005704 63
0.004102 63
0.006617 63
0.004751 63
0.007176 63
0.005499 63
0.006939 63
0.004621 63
0.004078 63
0.005400 63
0.002938 63
0.006047 63
0.003234 63
0.004943 63
0.004151 63
0.004880 63
0.005723 63
0.004197 63
0.004701 63
0.004002 63
0.004624 63
0.004206 63
0.003731 63
0.004342 63
0.004369 63
0.005933 63
0.004291 63
0.006144 63
0.004135 63
0.004257 63
0.004185 63
0.004353 63
0.008329 63
0.003848 63
0.004655 63
0.003604 63
0.004284 63
0.004575 63
0.004271 63
0.004536 63
0.004277 63
0.005328 63
0.008893 63
0.006574 63
0.003702 63
0.005450 61
0.000020 2
0.004681 63
0.007416 63
0.006676 63
0.005287 63
0.006716 63
0.005974 61
0.000094 2
0.008713 63
0.003930 63
0.005098 63
0.004920 63
0.006262 63
0.004542 63
0.005160 63
0.005713 63
0.005197 63
0.006700 63
0.005691 63
0.006101 61
0.000070 2
0.005070 63
0.005506 63
0.005182 63
0.004418 63
0.004383 63
0.004805 63
0.004251 63
0.005605 63
0.004478 63
0.006710 63
0.004488 63
0.004881 63
0.003415 63
0.004210 63
0.004181 63
0.004458 63
0.004615 63
0.004910 63
0.004997 63
0.004053 63
0.005694 63
0.004747 63
0.006159 63
0.006107 63
0.004432 63
0.005093 63
0.006048 63
0.007237 63
0.004938 63
0.006242 63
0.005084 63
0.009846 63
0.005867 63
0.005864 61
0.001781 2
0.004170 63
0.005302 61
0.000669 2
0.004747 63
0.008023 63
0.004457 63
0.005737 63
0.003377 63
0.004166 63
0.003784 63
0.004937 63
0.003977 63
0.003725 63
0.004616 63
0.004377 63
0.007449 63
0.002352 63
0.005957 63
0.004192 63
0.004419 63
0.006459 63
0.004549 63
0.005658 63
0.004949 63
0.004343 63
0.003479 63
0.004019 63
0.005070 63
0.004946 63
0.004118 63
0.003366 63
0.004403 63
0.004335 61
0.000048 2
0.003522 63
0.004598 63
0.007567 63
0.004999 63
0.006670 63
0.005296 63
0.004260 63
0.003320 63
0.004557 63
0.004124 63
0.005526 63
0.003105 63
0.003997 63
0.003909 63
0.004760 63
0.004401 63
0.004723 61
0.000019 2
0.004862 61
0.000017 2
0.004681 61
0.000024 2
0.005004 61
0.000024 2
0.004759 61
0.000020 2
0.006895 63
0.005076 63
0.005174 63
0.005859 63
0.006270 63
0.005921 63
0.007619 63
0.006576 61
0.000024 2
0.005059 63
0.005503 63
0.004151 61
0.000440 2
0.007570 61
0.000229 2
0.003919 63
0.004982 61
0.000593 2
0.004247 63
0.003750 61
0.000019 2
0.005414 61
0.000104 2
0.004613 63
0.005854 63
0.005225 63
0.007089 63
0.006838 63
0.005983 63
0.005151 63
0.006177 63
0.005096 63
0.005927 61
0.000484 2
0.003361 63
0.003516 63
0.006036 63
0.008043 63
0.002721 63
0.004935 63
0.005791 63
0.003015 63
0.005560 63
0.004659 63
0.004042 63
0.004719 63
0.003692 63
0.004249 63
0.005422 63
0.002704 63
0.005909 63
0.002033 63
0.004755 63
0.004040 63
0.004666 63
0.004877 63
0.004455 63
0.005328 61
0.000602 2
0.003907 63
0.004382 63
0.004289 63
0.004017 63
0.004186 63
0.005780 63
0.006634 63
0.005829 63
0.005168 63
0.004748 63
0.005232 63
0.003325 63
0.005336 63
0.003867 63
0.005469 63
0.006073 63
0.005664 63
0.006217 63
0.006522 63
0.003841 63
0.004487 63
0.004992 63
0.004687 63
0.009324 63
0.006288 63
0.006974 63
0.005672 63
0.008329 63
0.006470 63
0.002995 63
0.005941 63
0.006927 63
0.005363 63
0.007710 63
0.005608 61
0.000452 2
0.005791 61
0.000298 2
0.005220 63
0.004387 63
0.004908 63
0.005391 63
0.006476 63
0.005074 63
0.006960 63
0.004976 63
0.005317 63
0.004902 63
0.004414 63
0.004333 63
0.004762 63
0.004198 63
0.003657 63
0.003484 63
0.004941 63
0.005815 63
0.005348 63
0.003934 63
0.004984 63
0.004246 63
0.005842 63
0.005125 63
0.003820 63
0.004902 63
0.005838 63
0.005748 63
0.003227 63
0.004259 63
0.006468 63
0.004649 63
0.006337 63
0.005654 63
0.006882 63
0.004603 63
0.003670 63
0.005086 63
0.004429 63
0.003835 63
0.006938 63
0.003928 63
0.007245 63
0.004018 63
0.004795 63
0.004572 63
0.003960 63
0.006962 63
0.003971 63
0.003594 63
0.005207 63
0.004427 63
0.004483 63
0.004817 63
0.004763 63
0.007722 63
0.005035 63
0.006318 63
0.004034 63
0.003864 63
0.004109 63
0.003723 61
0.000010 2
0.005454 61
0.000019 2
0.004614 63
0.004718 63
0.007469 63
0.002956 63
0.004239 63
0.006901 63
0.003270 63
0.004718 63
0.005146 63
0.004888 63
0.005551 63
0.004250 63
0.004637 63
0.007160 63
0.004971 63
0.004643 63
0.005476 63
0.004467 63
0.004357 63
0.005358 61
0.000525 2
0.003690 63
0.004525 63
0.004871 63
0.004956 63
0.005005 63
0.004003 63
0.004338 63
0.004767 63
0.004525 61
0.000266 2
0.003800 63
0.004486 61
0.000019 2
0.004504 63
0.006620 63
0.004442 63
0.005707 61
0.000035 2
0.003505 63
0.005015 63
0.005402 63
0.004366 63
0.004380 63
0.004798 63
0.006924 63
0.004687 63
0.005236 61
0.000186 2
0.005822 61
0.000082 2
0.007275 61
0.000419 2
0.006211 63
0.005197 61
0.000620 2
0.004158 63
0.007369 63
0.005440 63
0.007073 63
0.005752 63
0.005908 63
0.004766 63
0.003897 63
0.005185 63
0.002825 61
0.000017 2
0.004966 61
0.000045 2
0.006875 63
0.004835 63
0.005691 63
0.003009 63
0.004622 61
0.000045 2
0.006658 63
0.004640 63
0.006053 63
0.003492 63
0.004227 63
0.005600 63
0.005136 63
0.003575 63
0.003944 63
0.007107 61
0.000043 2
0.004601 61
0.000014 2
0.005414 61
0.000079 2
0.004962 63
0.007462 63
0.005302 63
0.008713 63
0.004896 63
0.004600 63
0.005007 61
0.000041 2
0.005876 63
0.006893 61
0.000041 2
0.005079 63
0.007474 63
0.006246 63
0.007559 63
0.005102 63
0.007019 63
0.005748 63
0.007483 63
0.004606 63
0.006172 63
0.005136 63
0.006710 63
0.005826 61
0.000065 2
0.005340 63
0.006438 63
0.005571 63
0.008017 63
0.005316 63
0.007389 63
0.005415 63
0.004463 63
0.005465 63
0.005129 63
0.007793 63
0.004686 61
0.000019 2
0.005442 61
0.000017 2
0.010012 63
0.007280 63
0.004674 63
0.006504 63
0.004474 63
0.004274 63
0.006098 63
0.004759 63
0.005627 63
0.004434 63
0.005837 63
0.007242 63
0.006989 63
0.005356 63
0.003070 63
0.004793 63
0.005461 63
0.003635 63
0.009308 63
0.006390 63
0.005921 63
0.005865 61
0.000115 2
0.004686 63
0.004413 63
0.005373 63
0.005964 63
0.004199 63
0.005450 61
0.000486 2
0.004934 63
0.005347 63
0.004612 63
0.004989 63
0.004727 63
0.005720 63
0.005414 63
0.008685 61
0.000020 2
0.005204 63
0.008152 63
0.004545 63
0.006585 63
0.004569 63
0.006274 63
0.005781 63
0.005854 63
0.005464 63
0.004515 63
0.004710 63
0.005378 63
0.007183 63
0.006026 63
0.005207 63
0.005604 63
0.007606 63
0.005213 63
0.013208 63
0.004764 61
0.000019 2
0.004994 63
0.006587 61
0.000024 2
0.005418 63
0.007147 63
0.006615 63
0.006979 63
0.009550 63
0.004934 63
0.008610 63
0.004057 63
0.005316 61
0.000044 2
0.004296 61
0.000054 2
0.004094 61
0.000197 2
0.003863 63
0.005509 63
0.003664 63
0.003624 63
0.005799 63
0.004131 63
0.003766 63
0.004056 63
0.004005 63
0.004341 61
0.000012 2
0.004651 61
0.000015 2
0.004229 63
0.004193 63
0.003898 63
0.004268 63
0.005017 63
0.005263 63
0.006035 63
0.005799 63
0.006607 63
0.007062 63
0.006890 63
0.008284 63
0.008043 63
0.008155 63
0.007909 63
0.007995 63
0.007560 63
0.008295 63
0.009024 63
0.008100 63
0.008012 63
0.008143 63
0.007674 63
0.007599 63
0.007094 63
0.007034 63
0.007921 63
0.008474 63
0.008126 63
0.008843 63
0.009773 63
0.008845 63
0.009144 63
0.008679 63
0.010284 63
0.009884 61
0.000155 2
0.008356 63
0.008810 63
0.008299 63
0.008203 63
0.007964 63
0.008080 63
0.008727 63
0.008550 63
0.007646 63
0.008326 63
0.009344 63
0.009437 63
0.007774 61
0.000427 2
0.007958 63
0.009289 63
0.011565 63
0.010896 63
0.007983 63
0.010732 63
0.010138 63
0.007826 63
0.007791 63
0.014067 63
0.007044 63
0.002985 61
0.000020 2
0.007059 63
0.006220 63
0.007998 63
0.015117 63
0.010192 63
0.011861 63
0.009597 63
0.007760 63
0.012470 63
0.010302 63
0.009675 63
0.007106 63
0.005716 63
0.007051 63
0.006728 63
0.001827 63
0.006445 63
0.005754 63
0.007928 63
0.006336 63
0.004825 61
0.000036 2
0.004546 61
0.000013 2
0.005342 61
0.000019 2
0.005897 63
0.007833 61
0.000013 2
0.006734 63
0.004720 63
0.005153 63
0.004839 63
0.007032 63
0.007791 63
0.006638 63
0.004955 63
0.009718 63
0.004303 63
0.009846 63
0.007058 63
0.004369 61
0.000019 2
0.004327 61
0.000018 2
0.005017 61
0.000019 2
0.004250 61
0.000017 2
0.006085 61
0.000019 2
0.005192 61
0.000029 2
0.004890 61
0.000033 2
0.003791 61
0.000016 2
0.005683 61
0.000018 2
0.006898 61
0.000066 2
0.010518 63
0.005968 63
0.007853 63
0.006783 63
0.007955 63
0.005862 63
0.005981 63
0.005066 63
0.004665 63
0.005139 63
0.011909 63
0.004193 61
0.000447 2
0.004854 63
0.004586 63
0.006995 63
0.007672 63
0.005782 63
0.007467 63
0.009031 63
0.005155 63
0.005172 61
0.000019 2
0.008873 63
0.007338 63
0.009813 63
0.006966 63
0.007088 63
0.005093 63
0.007992 63
0.006313 63
0.005783 63
0.004085 63
0.004325 63
0.007957 63
0.007357 63
0.008341 63
0.005329 63
0.009165 63
0.006065 63
0.009733 63
0.007084 63
0.005428 63
0.007966 63
0.005144 63
0.005445 63
0.005825 63
0.005586 63
0.004133 63
0.008046 61
0.000564 2
0.006764 63
0.006013 63
0.007503 63
0.007055 63
0.008272 63
0.005344 63
0.004517 63
0.007925 63
0.005353 63
0.007580 63
0.005887 63
0.006112 63
0.007160 63
0.005733 63
0.003986 63
0.010114 63
0.006707 63
0.005296 63
0.003898 63
0.005586 63
0.004863 61
0.000021 2
0.005637 61
0.000258 2
0.004695 63
0.005469 61
0.000288 2
0.005739 63
0.005104 63
0.005116 63
0.005117 63
0.005561 63
0.005159 63
0.005483 61
0.000549 2
0.012263 61
0.000567 2
0.010516 63
0.012612 61
0.000021 2
0.009157 63
0.009475 63
0.006236 63
0.007708 61
0.000267 2
0.005900 63
0.008516 63
0.005425 63
0.006590 63
0.006764 63
0.006203 63
0.005503 63
0.006803 63
0.004306 63
0.007987 63
0.006094 63
0.005000 61
0.000026 2
0.008654 63
0.006727 63
0.005150 63
0.009328 63
0.005636 63
0.007514 61
0.000468 2
0.004754 63
0.006804 63
0.004495 63
0.005205 63
0.005132 63
0.004251 63
0.004581 63
0.004534 63
0.006415 63
0.008009 63
0.004335 63
0.006467 63
0.005026 63
0.004900 63
0.006485 63
0.006267 63
0.004433 63
0.003722 63
0.003516 63
0.004087 63
0.005852 63
0.005700 63
0.005507 63
0.005327 61
0.000053 2
0.008558 63
0.007312 61
0.000030 2
0.007930 61
0.000103 2
0.008495 63
0.012282 63
0.006726 63
0.013974 63
0.009099 63
0.004848 63
0.004488 63
0.005633 63
0.005394 63
0.004807 63
0.008715 63
0.008544 63
0.005737 63
0.005622 63
0.007635 63
0.008164 63
0.006714 61
0.000212 2
0.004667 63
0.008153 63
0.006393 63
0.007661 63
0.005824 63
0.005277 61
0.000032 2
0.005586 61
0.000025 2
0.005357 63
0.006434 61
0.000034 2
0.007043 61
0.001691 2
0.003536 63
0.007944 63
0.003710 63
0.007929 63
0.002608 63
0.007006 63
0.004801 63
0.006391 63
0.004838 63
0.006145 63
0.005423 63
0.004853 61
0.000020 2
0.004320 63
0.005128 63
0.005335 63
0.003956 63
0.004539 63
0.003248 63
0.004030 63
0.004294 63
0.003851 63
0.005122 63
0.007540 63
0.007440 63
0.005287 63
0.004630 63
0.005229 63
0.004597 63
0.007152 63
0.005041 63
0.004903 63
0.004302 63
0.004548 63
0.004421 63
0.007104 63
0.005456 63
0.004994 63
0.005370 63
0.005901 63
0.008330 63
0.006912 63
0.007548 63
0.008816 63
0.008583 61
0.001431 2
0.008093 61
0.000014 2
0.008997 63
0.007779 63
0.005385 63
0.004925 63
0.006334 63
0.006627 63
0.008062 63
0.006793 61
0.001400 2
0.007119 63
0.006724 61
0.000194 2
0.009651 61
0.000124 2
0.004985 63
0.004144 63
0.005077 61
0.000844 2
0.005541 63
0.007846 63
0.004688 63
0.005892 63
0.006413 61
0.000022 2
0.005293 63
0.005351 63
0.004286 63
0.005113 63
0.004444 63
0.004550 63
0.004872 63
0.004146 63
0.003466 63
0.003749 61
0.000011 2
0.003837 63
0.003643 63
0.005514 63
0.005480 63
0.006445 63
0.004512 61
0.000076 2
0.001451 63
0.004346 63
0.005756 63
0.004641 63
0.005946 63
0.004465 61
0.000422 2
0.005326 63
0.005219 63
0.003175 61
0.000019 2
0.004926 61
0.000011 2
0.004806 61
0.000007 2
0.004848 63
0.008987 63
0.003492 63
0.003927 63
0.004300 63
0.004916 63
0.004069 63
0.006190 63
0.004446 63
0.004571 63
0.003953 63
0.004307 63
0.006414 63
0.004338 63
0.004628 63
0.007748 63
0.003371 63
0.004922 63
0.004833 61
0.000024 2
0.006590 61
0.000019 2
0.004819 63
0.006484 63
0.004700 63
0.006009 63
0.004528 63
0.004599 63
0.004486 63
0.004914 63
0.004353 61
0.000156 2
0.003546 63
0.003749 63
0.005401 63
0.004924 63
0.008940 63
0.004729 63
0.005724 63
0.007460 63
0.004713 63
0.004630 63
0.003987 63
0.004068 63
0.009171 63
0.006937 61
0.000019 2
0.003696 61
0.000015 2
0.004123 61
0.000022 2
0.005010 61
0.000018 2
0.004297 63
0.003743 61
0.000171 2
0.003882 63
0.003563 63
0.003522 63
0.005046 63
0.004696 63
0.003800 63
0.003693 63
0.003691 63
0.008551 63
0.002854 63
0.004271 63
0.004971 63
0.004263 63
0.003867 63
0.004709 63
0.004504 61
0.000650 2
0.004539 63
0.004080 63
0.004466 63
0.004249 63
0.003787 63
0.004199 63
0.003632 63
0.003618 63
0.003822 63
0.004816 63
0.003885 63
0.003667 63
0.003598 63
0.003663 61
0.000025 2
0.003759 61
0.000022 2
0.005098 63
0.004514 63
0.003816 63
0.003699 63
0.004074 63
0.005146 63
0.004399 63
0.004291 61
0.000061 2
0.004072 61
0.000056 2
0.003538 61
0.000220 2
0.003307 61
0.000280 2
0.003612 61
0.000013 2
0.004700 61
0.000661 2
0.004872 63
0.004175 63
0.003671 63
0.003609 63
0.004424 63
0.004318 63
0.005556 63
0.004142 63
0.003975 63
0.004571 63
0.004960 63
0.005222 63
0.004828 63
0.004330 63
0.004422 63
0.005934 63
0.006021 63
0.005251 63
0.006521 63
0.007246 63
0.006609 63
0.007369 63
0.006812 63
0.006712 63
0.005943 63
0.007246 63
0.007551 63
0.005275 61
0.000605 2
0.005004 63
0.005896 63
0.006753 63
0.008398 63
0.006628 63
0.006373 63
0.007552 61
0.000437 2
0.005607 63
0.007256 63
0.004523 63
0.004664 63
0.006074 63
0.009489 63
0.005734 63
0.005626 63
0.004565 63
0.005074 63
0.005461 63
0.006185 63
0.005430 61
0.001564 2
0.003238 63
0.004397 63
0.004333 63
0.005413 63
0.004348 63
0.004360 63
0.003353 61
0.000259 2
0.005177 61
0.000015 2
0.004209 63
0.004081 61
0.000019 2
0.008893 61
0.000243 2
0.006685 63
0.006082 63
0.006508 63
0.006783 63
0.006637 63
0.006803 63
0.008891 63
0.008465 63
0.008346 63
0.008703 63
0.008443 63
0.009845 63
0.009346 61
0.000230 2
0.010939 63
0.008266 63
0.008839 63
0.008281 63
0.007744 63
0.010688 63
0.010185 61
0.000088 2
0.008668 63
0.008576 63
0.007238 61
0.000552 2
0.006278 63
0.007083 63
0.005050 63
0.005003 63
0.003480 63
0.004993 63
0.003627 61
0.000153 2
0.006701 63
0.004622 63
0.005223 63
0.006054 63
0.006303 63
0.004771 63
0.004264 61
0.000542 2
0.006204 63
0.004752 63
0.006365 63
0.004801 63
0.004457 63
0.003713 61
0.000043 2
0.004246 61
0.000224 2
0.004668 63
0.004540 61
0.000058 2
0.004292 61
0.000018 2
0.004061 63
0.004043 61
0.000277 2
0.003840 63
0.004817 63
0.004294 63
0.004583 63
0.004612 63
0.003749 63
0.003618 63
0.003607 63
0.004343 63
0.005036 63
0.004193 63
0.003769 63
0.003838 63
0.004300 63
0.005200 63
0.004394 63
0.004822 63
0.005177 61
0.000632 2
0.004935 63
0.004809 61
0.000483 2
0.004551 63
0.005209 63
0.004793 63
0.004613 63
0.004709 63
0.004977 63
0.005014 63
0.004285 63
0.004306 63
0.004129 63
0.006910 63
0.005209 63
0.005354 63
0.004359 63
0.006844 63
0.004416 63
0.006148 63
0.004261 63
0.004295 61
0.000585 2
0.004419 63
0.004534 63
0.004587 61
0.000064 2
0.004085 63
0.004020 61
0.000606 2
0.004456 63
0.005653 61
0.000157 2
0.004935 63
0.004226 63
0.004206 63
0.004189 63
0.005395 61
0.000114 2
0.004816 63
0.005370 63
0.006712 63
0.007003 63
0.006753 63
0.007066 63
0.008083 63
0.007291 63
0.007777 63
0.007043 63
0.006597 63
0.008381 63
0.007295 63
0.008156 63
0.006633 63
0.008337 63
0.007622 63
0.011140 63
0.010072 61
0.000036 2
0.008538 61
0.000127 2
0.008313 63
0.009494 63
0.008152 63
0.008335 63
0.008941 63
0.008705 63
0.009653 63
0.009489 63
0.008947 63
0.010961 61
0.000373 2
0.008512 63
0.010176 63
0.009194 63
0.009004 63
0.009855 63
0.009874 61
0.000184 2
0.008450 63
0.009509 63
0.008841 63
0.007318 63
0.006316 61
0.000082 2
0.005561 63
0.004739 63
0.005071 63
0.005019 63
0.007557 61
0.000833 2
0.004709 63
0.006234 63
0.008778 63
0.006127 63
0.008458 63
0.007058 63
0.006420 63
0.006622 63
0.006564 63
0.007651 63
0.007594 63
0.008399 63
0.008761 61
0.000526 2
0.009053 63
0.009174 63
0.008068 63
0.008412 63
0.008658 63
0.008471 63
0.007881 63
0.009254 63
0.008902 61
0.000131 2
0.008792 63
0.008591 63
0.009298 63
0.009424 63
0.012971 63
0.008942 63
0.008877 63
0.011035 63
0.008444 63
0.009862 63
0.009048 63
0.007451 63
0.006421 63
0.006515 63
0.005355 63
0.008155 63
0.005331 63
0.005319 63
0.004971 63
0.007839 63
0.005905 63
0.007628 63
0.006290 63
0.005147 63
0.006453 63
0.003722 63
0.007253 63
0.004621 63
0.004346 63
0.004656 63
0.008133 61
0.001356 2
0.005803 63
0.004707 61
0.000099 2
0.004544 63
0.005323 63
0.005663 63
0.006630 63
0.005884 63
0.003776 63
0.003683 63
0.004638 63
0.004345 63
0.004778 63
0.004863 63
0.004856 63
0.004964 63
0.005880 63
0.005167 63
0.006367 63
0.006967 63
0.006545 63
0.005253 63
0.006836 63
0.008081 63
0.009902 63
0.006955 63
0.010114 63
0.009080 63
0.010319 63
0.008658 63
0.008100 63
0.007903 63
0.007266 63
0.005867 63
0.007331 63
0.007429 63
0.007384 63
0.008563 63
0.008312 63
0.007276 63
0.008923 63
0.008214 63
0.007103 63
0.005895 63
0.007498 63
0.006312 61
0.000208 2
0.005122 61
0.000340 2
0.004607 63
0.004938 63
0.004257 63
0.005373 63
0.006949 63
0.005922 63
0.007752 63
0.007683 63
0.008481 63
0.007434 63
0.006088 63
0.005508 63
0.005737 63
0.005749 63
0.005322 63
0.005487 63
0.006264 63
0.006880 63
0.006552 63
0.006783 63
0.005374 63
0.005796 63
0.005871 63
0.005528 63
0.004206 63
0.004040 63
0.004810 63
0.004567 63
0.005023 63
0.004334 63
0.004972 63
0.004473 63
0.005254 63
0.005163 63
0.004108 63
0.004197 63
0.003449 63
0.003525 63
0.004949 61
0.000023 2
0.004535 61
0.000063 2
0.004408 61
0.000236 2
0.003844 61
0.000016 2
0.003910 63
0.003953 63
0.003753 63
0.003466 63
0.003345 63
0.003490 63
0.004587 63
0.005150 63
0.005097 63
0.005284 63
0.004889 63
0.004962 63
0.004309 63
0.004902 63
0.004505 63
0.004499 63
0.005788 63
0.005618 63
0.007860 63
0.005831 63
0.005641 63
0.007076 63
0.008606 63
0.009452 63
0.009594 63
0.008166 63
0.008222 63
0.008914 63
0.009233 63
0.009513 61
0.000179 2
0.009173 63
0.009393 63
0.009869 63
0.010196 63
0.009519 63
0.007976 61
0.001360 2
0.007882 61
0.001264 2
0.006363 63
0.009171 63
0.007524 63
0.007491 63
0.008449 63
0.007550 63
0.008388 63
0.007111 63
0.006539 63
0.006032 63
0.007280 63
0.009669 63
0.010098 63
0.008510 63
0.007997 63
0.007851 63
0.006949 63
0.011630 63
0.007409 63
0.009417 61
0.000998 2
0.008496 63
0.007712 63
0.006308 63
0.004601 63
0.007948 63
0.005256 63
0.004336 63
0.006817 63
0.004221 63
0.005896 63
0.005169 63
0.005063 61
0.000044 2
0.008430 61
0.000071 2
0.008741 63
0.006562 63
0.007312 63
0.009066 63
0.005488 63
0.004646 63
0.007249 63
0.005956 63
0.008039 63
0.007791 63
0.006259 63
0.007071 63
0.004666 63
0.007411 63
0.006442 63
0.006500 63
0.006465 63
0.005802 63
0.008535 63
0.006021 63
0.004361 63
0.007346 63
0.008752 63
0.006302 63
0.010486 63
0.007897 63
0.005062 63
0.006374 63
0.005224 63
0.004967 61
0.000100 2
0.006699 61
0.000207 2
0.005725 63
0.009552 63
0.004592 63
0.004862 61
0.000024 2
0.008384 61
0.000012 2
0.006194 63
0.008611 63
0.005593 61
0.000064 2
0.004742 63
0.005264 63
0.006797 63
0.006105 63
0.006097 63
0.006395 63
0.005323 63
0.005707 61
0.000039 2
0.005860 63
0.004569 63
0.004843 61
0.000023 2
0.005788 61
0.000030 2
0.004539 63
0.004675 63
0.004146 61
0.000026 2
0.005362 63
0.008167 61
0.001656 2
0.004658 63
0.005720 63
0.004351 63
0.006341 63
0.005579 63
0.008618 63
0.004200 63
0.004002 63
0.004379 63
0.006720 63
0.007307 63
0.006182 63
0.007775 63
0.004008 63
0.004663 63
0.004704 63
0.006697 63
0.004220 63
0.003608 63
0.005055 63
0.006505 63
0.005012 63
0.004557 61
0.000088 2
0.004527 63
0.006758 63
0.004407 63
0.006386 63
0.004150 63
0.006317 63
0.006983 63
0.006514 63
0.003144 63
0.006288 63
0.006957 63
0.006657 61
0.000069 2
0.005409 61
0.000021 2
0.005848 63
0.005935 63
0.005914 63
0.006374 63
0.004861 63
0.006179 63
0.004886 63
0.006959 63
0.006640 63
0.005417 63
0.004303 63
0.006582 63
0.004992 61
0.000061 2
0.004961 63
0.004857 63
0.003851 63
0.004674 63
0.005257 61
0.000191 2
0.005830 63
0.005918 63
0.004636 63
0.007534 63
0.005191 63
0.006680 63
0.004592 63
0.003989 63
0.005586 63
0.005616 61
0.000019 2
0.008011 63
0.005373 63
0.006353 63
0.005762 63
0.006464 63
0.006522 63
0.009539 63
0.005026 63
0.007340 61
0.000674 2
0.006220 63
0.006946 61
0.000264 2
0.006135 63
0.006786 61
0.000140 2
0.008910 63
0.009194 63
0.010157 61
0.000054 2
0.010309 63
0.006775 63
0.009757 63
0.006843 63
0.004192 63
0.006404 61
0.000017 2
0.005816 61
0.000601 2
0.003884 63
0.005536 63
0.005124 63
0.006429 63
0.004151 63
0.005859 63
0.004475 61
0.000018 2
0.007298 63
0.007109 63
0.004213 63
0.004899 63
0.005114 63
0.005132 63
0.004574 63
0.003643 63
0.003767 63
0.004851 63
0.003710 63
0.004739 63
0.005577 63
0.005294 63
0.005836 63
0.005037 63
0.005355 63
0.006071 63
0.006018 61
0.000019 2
0.005232 61
0.000018 2
0.006722 63
0.005220 63
0.005794 63
0.004350 63
0.004547 63
0.004556 63
0.005843 63
0.004800 63
0.006346 63
0.005587 63
0.008128 63
0.006271 63
0.005139 63
0.006222 63
0.005541 63
0.005849 63
0.006426 63
0.006920 63
0.005958 63
0.007727 61
0.000029 2
0.008049 63
0.005036 63
0.006609 63
0.004384 63
0.003944 63
0.004628 63
0.005905 63
0.003644 61
0.000308 2
0.005148 63
0.006340 63
0.005044 63
0.003478 63
0.004537 63
0.004847 63
0.004194 63
0.004355 63
0.005341 63
0.005642 63
0.006309 63
0.004915 63
0.006321 63
0.003920 63
0.005044 63
0.005070 63
0.004437 63
0.004973 63
0.004580 63
0.004203 63
0.004274 63
0.005993 63
0.001105 2
0.001068 10
0.000071 78
135.341704 1
0.251142 1
0.208133 1
0.096768 1
0.157721 1
0.193312 1
0.358753 1
0.330227 1
0.138639 1
0.141278 1
0.114722 1
0.273925 1
0.781498 2
0.000847 9
0.004040 8
0.000134 78
0.902191 1
0.213954 1
0.228469 1
0.084196 1
0.166206 1
0.145651 1
0.264770 1
0.182017 1
0.135192 1
0.177995 1
0.277562 1
1.208406 11
0.015288 8
0.000954 67
0.001753 121
0.000492 124
0.000210 43
0.000095 75
0.000032 190
0.000025 35
0.000057 112
0.000066 17
0.594297 6
0.009178 39
0.003148 5
0.000030 142
0.000023 74
0.000122 89
0.000033 304
0.000022 108
0.000022 22
0.000066 138
0.000015 134
0.000351 235
1.033030 6
0.000051 18
0.083964 26
0.015335 26
0.000273 6
0.000012 16
0.000025 6
0.000020 12
0.000023 6
0.117242 6
0.000017 12
0.000044 7
0.035944 18
0.000056 7
0.026520 205
0.019693 6
0.000649 12
0.000360 12
0.000382 31
0.000036 46
0.000147 11
0.017487 18
0.000131 12
0.000099 17
0.000051 37
0.000052 122
0.000077 79
0.000032 11
0.216886 148
0.014461 243
0.010283 6
0.000755 266
0.016800 6
0.005602 164
0.006514 18
0.000024 117
0.000068 132
0.011920 6
0.000138 12
0.000320 268
0.013705 30
0.000023 17
0.000014 27
0.000150 25
0.015694 113
0.000081 145
0.000113 146
0.004747 6
0.000351 12
0.000081 12
0.000043 17
0.000018 39
0.000092 91
0.023927 6
0.000137 12
0.000312 81
0.256675 6
0.000884 323
0.026494 6
0.000103 12
0.000059 12
0.000032 17
0.000052 27
0.000129 6
0.000079 12
0.016873 18
0.016524 18
0.000108 6
0.000025 12
0.015903 6
0.000031 12
0.008948 6
0.000046 12
0.000051 18
0.016195 6
0.000015 12
0.264061 18
0.017592 6
0.000019 12
0.013836 18
0.000088 6
0.000058 12
0.019137 6
0.000118 12
0.000029 6
0.000018 12
0.019629 6
0.000012 12
0.000027 6
0.000029 12
0.012226 18
0.000066 18
0.000052 18
0.011814 18
0.000042 6
0.000023 12
0.000077 18
2.168928 6
0.000493 61
0.000225 102
0.000202 321
0.336025 6
0.000386 8
0.000601 42
0.014063 523
0.313885 12
0.000069 8
0.000077 12
0.000040 32
0.000047 8
0.000973 86
0.914425 1
0.145980 1
0.208515 1
0.192158 1
0.065842 1
0.205413 1
0.218602 1
0.187576 1
0.273808 1
0.542317 1
0.330913 1
0.283445 1
0.531969 1
0.165432 1
0.321970 1
0.567950 2
0.000058 9
0.003168 8
0.000998 78
1.399448 1
0.172257 1
0.242075 1
0.161840 1
0.184024 1
0.880839 4
0.163111 4
0.335694 1
0.179298 1
0.147097 1
0.148745 1
0.356703 1
0.429852 11
0.002847 56
0.002169 86
14.245417 1
0.164392 1
0.209999 1
0.070205 1
0.119919 1
0.198667 1
0.146580 1
0.249829 1
0.256373 1
1.044875 1
0.241320 1
0.185198 1
0.116737 1
0.144285 1
0.225378 1
0.166807 1
0.077824 1
0.268817 2
0.000722 9
0.002827 8
0.000502 78
22.009107 17
1.000567 29
1.393890 1
0.136600 1
0.192767 1
0.144867 1
0.133326 1
0.215676 1
0.197117 1
0.079969 1
0.157284 1
0.230685 1
0.168858 1
0.119306 1
0.355320 2
0.000022 9
0.021452 135
0.008628 95
0.006580 97
0.007191 114
0.003885 60
0.000038 2
0.011837 57
0.000036 2
0.000061 51
0.000027 2
0.000804 8
0.000933 78
39.743423 1
0.226238 1
0.248852 1
0.089377 1
0.288869 1
0.193304 1
0.186630 1
0.170086 1
0.124956 1
0.210272 1
0.174400 1
0.074129 1
0.379490 1
0.180199 1
0.176685 1
0.214386 1
0.184600 1
0.266384 1
0.241639 1
0.212365 1
0.173602 1
0.195661 1
0.236790 1
0.180319 1
0.101074 1
0.764406 2
0.000696 9
0.008427 75
0.000040 481
0.000016 73
0.000015 35
0.000096 112
0.000450 5
0.000017 223
0.000068 226
0.000015 108
0.000033 115
0.000017 106
0.000035 126
0.000014 104
0.000124 118
0.000133 12
1.133842 18
0.052646 18
0.272512 18
1.729143 22
0.385553 22
0.029862 23
0.044077 31
0.136850 22
0.023940 6
0.000020 12
0.000064 3
0.000016 6
0.000058 16
0.015318 22
0.027683 21
0.065276 18
0.048508 18
0.062032 18
0.604482 18
0.028522 18
0.023093 18
0.024416 18
0.031949 18
0.044226 18
0.039090 18
0.065828 18
0.237027 22
0.036998 6
0.000231 16
0.029656 18
0.000063 5
0.046992 18
0.000072 5
0.041139 6
0.000039 12
0.054419 18
29.502273 18
0.029934 18
0.030725 18
0.034369 18
0.036634 18
0.122284 18
0.064917 22
0.021208 22
0.025451 18
0.000092 4
0.033504 18
0.000065 3
0.087631 6
0.000238 12
0.398254 6
0.001324 12
0.000123 4
0.029712 22
0.027450 23
0.023876 6
0.000022 12
0.001096 23
0.021847 6
0.000973 12
0.031038 6
0.000100 12
0.000147 18
0.042547 18
0.061941 6
0.000123 12
0.315798 22
0.046042 6
0.000091 12
0.000049 4
0.072492 6
0.000023 12
0.000059 4
0.050885 18
0.000067 3
0.033212 6
0.000244 12
0.041194 6
0.000155 12
0.053791 18
1.473695 18
0.000073 4
0.041454 18
0.000093 4
0.043597 18
0.000537 5
0.052805 23
0.061934 6
0.000910 12
0.047711 18
0.050544 18
0.387516 18
0.195936 18
0.000553 3
0.000114 22
0.116101 22
0.234997 22
0.053611 6
0.001293 15
0.074151 18
0.000132 18
0.000067 18
48.350771 11
0.000079 20
0.000019 32
0.000011 8
0.000507 86
1.047234 25
0.199635 49
0.403378 67
0.671038 29
0.855148 23
0.626786 44
0.594203 11
0.006042 8
0.000462 67
0.001067 63
0.002091 59
0.001550 3
0.000779 576
0.002842 1362
1.217922 18
0.000078 4
0.552917 18
0.000079 4
0.033055 6
0.000324 16
0.021082 6
0.000197 17
0.020659 6
0.000197 17
0.024382 6
0.000054 12
0.000019 5
0.032397 6
0.000108 12
0.000023 5
0.025339 6
0.000040 5
0.000065 15
0.000022 23
0.000017 5
0.246332 6
0.000884 12
0.001359 129
0.025261 6
0.000341 12
0.000078 16
0.000016 18
0.000059 143
0.000010 67
0.000008 11
0.007864 6
0.000422 12
0.000088 16
0.000080 109
0.000015 57
0.000008 33
0.000007 11
0.012036 6
0.000241 12
0.000154 16
0.000020 115
0.011624 6
0.006626 291
0.004284 6
0.000325 113
0.010945 18
0.000072 16
0.000060 18
0.000040 148
0.000036 129
0.000025 11
0.017848 18
0.000115 16
0.000093 18
0.000066 84
0.000193 85
0.000033 11
0.284186 18
0.000109 16
0.000084 18
0.000063 116
0.000055 190
0.000050 104
0.000031 11
0.021719 6
0.000029 12
0.000117 16
0.000082 18
0.000046 15
0.000058 133
0.000054 11
0.013349 6
0.000486 12
0.000127 16
0.000117 18
0.000129 123
0.000085 213
0.000137 11
0.011215 49
0.014240 18
0.000106 18
0.000095 18
0.008499 18
0.000189 18
0.000109 18
0.013046 18
0.000106 18
0.000131 18
0.012329 18
0.019565 18
0.243767 6
0.000918 12
0.000173 6
0.000021 12
0.023600 18
0.011963 18
0.010400 18
0.015027 6
0.000113 12
0.012535 18
0.018839 6
0.000098 12
1.192172 18
0.000015 8
0.501308 6
0.000021 7
0.000073 15
0.000038 6
0.000581 12
0.000064 7
0.000052 101
0.036845 21
0.033136 6
0.000615 12
0.000191 1
0.000016 2
0.019468 21
0.029226 40
0.030984 21
0.031250 21
0.029087 21
0.027345 21
0.033394 6
0.000230 15
0.028079 18
0.000071 1
0.000047 2
0.030949 21
0.031090 18
0.000064 1
0.000038 2
0.026451 40
0.032001 18
0.000063 2
0.000045 20
0.035178 21
0.023774 6
0.000191 12
0.000089 3
0.029093 21
0.034932 21
0.032750 21
0.030035 21
0.023408 40
0.034345 21
0.029710 21
0.029794 21
0.035982 21
0.018804 21
0.029859 21
0.032199 6
0.000146 34
0.034104 21
0.031749 21
0.029639 21
0.024065 21
0.030178 6
0.000115 15
0.027749 6
0.000249 15
0.033247 18
0.000050 1
0.000010 2
0.027993 6
0.002275 34
0.027927 6
0.000201 15
0.029379 25
0.032121 21
0.030197 6
0.001499 15
0.048656 6
0.000046 12
0.000085 1
0.000062 3
0.009653 6
0.000478 20
0.040333 134
0.016147 21
0.032094 21
0.026490 18
0.000064 3
0.034150 18
0.000067 2
0.000043 20
0.026731 18
0.000064 1
0.000041 2
0.030034 21
0.030301 21
0.036001 6
0.000229 12
0.000072 1
0.000049 2
0.023721 21
0.031637 6
0.000202 12
0.000158 1
0.002015 2
0.033100 18
0.000084 1
0.000078 2
0.030613 18
0.000116 1
0.000038 2
0.026937 21
0.030815 21
0.026097 21
0.028016 21
0.028686 21
0.033049 40
0.030961 40
0.029461 6
0.000217 12
0.000227 3
0.028505 21
0.027837 21
0.033802 21
0.028546 6
0.007360 15
0.019716 21
0.032560 40
0.030724 21
0.033783 21
0.025396 21
0.029972 21
0.043009 6
0.000154 12
0.000086 3
0.016322 18
0.000069 1
0.000045 2
0.033322 18
0.000062 1
0.000035 2
0.028900 18
0.000065 1
0.000045 2
0.028032 18
0.000083 1
0.000044 2
0.034104 18
0.000066 2
0.000039 20
0.028496 6
0.003312 15
0.026237 21
0.027632 21
0.031414 21
0.030874 21
0.030621 21
0.030098 21
0.028304 40
0.033141 21
0.028443 25
0.030885 21
0.030104 21
0.029606 22
0.033242 6
0.001032 20
0.020986 18
0.000162 1
0.000145 2
0.029418 6
0.000135 12
0.000155 8
0.000080 41
0.030369 18
0.000083 3
0.030814 18
0.000194 1
0.000078 2
0.032290 6
0.000025 12
0.000065 1
0.000043 2
0.026497 18
0.000098 1
0.000947 2
0.028661 6
0.000249 15
0.030363 21
0.031572 21
0.031332 21
0.028784 18
0.000023 1
0.000296 2
0.026875 6
0.000122 12
0.000107 3
0.035275 40
0.023912 21
0.035048 40
0.026852 21
0.031521 18
0.000383 22
0.028312 6
0.000068 12
0.000038 1
0.000015 2
0.029161 6
0.000155 20
0.029633 6
0.000096 34
0.034379 21
0.033081 21
0.028693 21
0.022995 21
0.029571 21
0.032398 21
0.031984 21
0.032211 6
0.000049 12
0.000155 3
0.034844 6
0.000130 15
0.020767 6
0.000025 12
0.000088 3
0.029052 18
0.000069 1
0.000044 2
0.028717 18
0.000067 1
0.000037 2
0.030257 6
0.000142 13
0.000072 2
0.032467 6
0.000135 13
0.000037 3
0.028369 6
0.000989 20
0.030477 21
0.030480 66
0.034359 18
0.000073 1
0.000039 2
0.027325 6
0.000023 12
0.000136 1
0.000897 2
0.028520 18
0.000261 3
0.026180 6
0.000203 12
0.000171 3
0.029653 18
0.000093 3
0.030311 21
0.032799 18
0.000081 1
0.000050 2
0.032085 18
0.000064 1
0.000096 2
0.027935 21
0.027218 6
0.000192 12
0.000574 2
0.000138 20
0.028104 21
0.028485 6
0.000085 12
0.000053 22
0.030054 21
0.030295 18
0.000047 2
0.000026 20
0.029141 18
0.000056 3
0.033271 18
0.000076 8
0.035925 18
0.000245 2
0.000030 20
0.036786 21
0.019919 6
0.000110 12
0.000053 1
0.000042 2
0.027325 21
0.028629 18
0.000170 1
0.000062 2
0.030982 18
0.000073 1
0.000038 2
0.033985 18
0.000076 1
0.000079 2
0.027826 6
0.000143 13
0.000061 2
0.029259 18
0.000086 1
0.000073 2
0.026734 18
0.000095 1
0.000024 2
0.033385 18
0.000077 1
0.000037 2
0.025850 18
0.000068 1
0.000038 2
0.028497 18
0.000093 1
0.000057 2
0.031705 21
0.029530 18
0.000072 1
0.000122 2
0.030191 18
0.000089 3
0.035843 18
0.000084 1
0.000036 2
0.024599 18
0.000086 1
0.000045 2
0.035474 21
0.023270 22
0.035383 21
0.033038 6
0.000017 19
0.041785 25
0.012218 40
0.032839 23
0.028009 6
0.000113 16
0.036222 6
0.001229 20
0.030443 6
0.000227 120
0.018234 6
0.000316 12
0.000195 3
0.032519 18
0.006529 3
0.024586 40
0.026694 21
0.028651 6
0.000166 15
0.032500 6
0.000246 12
0.000093 3
0.030833 21
0.026490 18
0.000072 1
0.000043 2
0.034758 6
0.000184 34
0.034755 40
0.024953 6
0.000056 15
0.060013 6
0.000512 15
0.000168 6
0.000201 12
0.000325 3
0.034719 6
0.000140 12
0.000043 3
0.033128 21
0.026369 18
0.000064 1
0.000072 2
0.028819 18
0.000085 1
0.000045 2
0.028956 18
0.000102 1
0.000038 2
0.027050 18
0.000105 22
0.030656 18
0.000134 1
0.000116 2
0.029637 21
0.031350 63
0.027971 21
0.029822 21
0.029679 21
0.031678 21
0.029318 6
0.000124 13
0.000063 2
0.029695 21
0.032049 6
0.000102 12
0.000066 2
0.000018 20
0.029173 6
0.000035 15
0.032920 6
0.000449 34
0.030804 6
0.000124 12
0.000068 3
0.023455 6
0.000113 12
0.000295 3
0.036202 18
0.000015 3
0.023672 6
0.000137 12
0.000158 3
0.032894 6
0.000193 12
0.000017 1
0.000016 2
0.030645 6
0.000077 12
0.000026 3
0.032202 6
0.000055 12
0.000048 22
0.028623 21
0.030048 21
0.026317 6
0.000725 34
0.031242 6
0.000110 15
0.028192 28
0.031109 21
0.028729 21
0.031574 18
0.000126 24
0.029257 21
0.028524 21
0.028701 21
0.037009 6
0.000478 16
0.022429 6
0.000655 8
0.005008 12
0.030944 6
0.000208 12
0.000061 3
0.024340 6
0.000283 20
0.036410 40
0.024262 21
0.033558 21
0.024372 6
0.000268 34
0.029792 6
0.000243 12
0.000239 3
0.029890 6
0.000135 12
0.000163 2
0.000202 20
0.034992 21
0.030800 6
0.000154 12
0.000381 48
0.030496 21
0.035792 6
0.000014 15
0.031692 21
0.036880 21
0.012331 21
0.026046 21
0.029292 21
0.031805 21
0.032016 21
0.031722 40
0.024678 18
0.000113 1
0.000114 2
0.030615 6
0.000040 12
0.000145 2
0.000014 20
0.036426 6
0.000020 12
0.000151 1
0.000062 2
0.025217 6
0.000021 12
0.000113 8
0.000104 37
0.029460 18
0.000085 1
0.000097 2
0.030949 6
0.000019 12
0.000143 1
0.000047 2
0.028499 18
0.000087 3
0.027359 6
0.000017 12
0.003518 1
0.000080 2
0.025822 6
0.000109 15
0.036043 6
0.000094 12
0.000181 3
0.029378 6
0.000363 34
0.031949 18
0.000123 1
0.000071 2
0.024912 40
0.026644 6
0.000081 12
0.000044 1
0.000089 2
0.036760 6
0.000280 16
0.000011 31
0.023068 26
0.031118 6
0.000222 12
0.000116 22
0.033029 18
0.000097 1
0.000042 2
0.025687 18
0.000073 4
0.000046 6
0.035510 21
0.025142 18
0.000072 1
0.000047 2
0.036408 18
0.000132 3
0.031474 18
0.000099 1
0.000070 2
0.022629 21
0.035868 18
0.000065 1
0.000037 2
0.021923 18
0.000102 1
0.000058 2
0.030146 18
0.000094 1
0.000056 2
0.031629 6
0.000085 12
0.000063 1
0.000057 2
0.030316 21
0.033462 18
0.000061 1
0.000054 23
0.031499 18
0.000068 1
0.000134 2
0.038398 18
0.000064 1
0.000073 2
0.013696 6
0.000216 15
0.030645 22
0.047731 26
0.011158 24
0.030843 40
0.031599 18
0.000110 1
0.000061 2
0.031103 18
0.000129 1
0.000120 2
0.027713 6
0.000319 12
0.000021 51
0.030264 42
0.030383 18
0.000075 1
0.000073 2
0.037731 18
0.000069 1
0.000037 2
0.022071 18
0.000075 8
0.000044 29
0.027516 18
0.000063 1
0.000035 2
0.034689 21
0.029840 18
0.000142 3
0.030751 18
0.000172 1
0.000224 2
0.029001 18
0.000281 1
0.000056 2
0.029178 18
0.000355 1
0.000029 2
0.025973 6
0.000021 12
0.000064 1
0.000038 2
0.038475 21
0.039350 18
0.000073 1
0.000037 2
0.031178 18
0.000078 1
0.000062 2
0.014625 6
0.000123 12
0.000150 22
0.024660 6
0.000149 12
0.000102 1
0.000803 2
0.031340 24
0.031533 40
0.027820 21
0.034146 21
0.030808 6
0.000405 15
0.026401 18
0.000020 1
0.000143 2
0.040273 6
0.001022 15
0.018755 6
0.000023 12
0.000107 3
0.028997 21
0.028368 18
0.000059 2
0.000104 20
0.040566 6
0.000162 12
0.000801 3
0.019108 6
0.000057 12
0.000060 1
0.000153 5
0.031946 21
0.027789 6
0.000211 16
0.030251 6
0.001930 8
0.000111 12
0.027765 6
0.000017 12
0.000010 1
0.000145 2
0.028273 6
0.000224 12
0.000049 3
0.031628 6
0.000066 12
0.000017 1
0.000016 2
0.028811 6
0.000122 12
0.000008 1
0.000059 2
0.029698 6
0.000015 12
0.000061 3
0.032743 6
0.000015 12
0.000054 3
0.029747 6
0.000305 34
0.028649 6
0.001872 15
0.028639 6
0.000603 15
0.032301 21
0.028699 21
0.036406 21
0.024777 6
0.000074 15
0.029326 21
0.024613 40
0.031016 21
0.033986 21
0.032221 40
0.022810 21
0.031586 21
0.036115 21
0.029974 6
0.000731 15
0.033825 18
0.000384 3
0.036899 6
0.001768 15
0.013429 21
0.045691 6
0.000955 15
0.015563 6
0.000226 12
0.000064 3
0.024698 21
0.028084 40
0.030174 21
0.035097 21
0.029550 21
0.034438 21
0.030216 21
0.035196 21
0.029778 21
0.020886 40
0.026755 21
0.042302 22
0.019816 21
0.026042 6
0.000628 20
0.036958 74
0.029133 21
0.024169 6
0.000180 12
0.000095 1
0.000091 2
0.031302 21
0.027942 6
0.000159 12
0.000077 3
0.031635 18
0.000115 3
0.028516 40
0.029616 18
0.000233 1
0.000047 2
0.028241 6
0.000014 12
0.000227 3
0.031060 6
0.000286 15
0.029638 21
0.031739 18
0.000418 3
0.029499 21
0.034322 21
0.023840 21
0.031116 21
0.030620 21
0.034109 21
0.024719 40
0.028462 6
0.000199 12
0.000092 1
0.000069 2
0.031593 18
0.000213 1
0.000017 6
0.034039 6
0.000128 13
0.000055 2
0.033855 6
0.000135 13
0.000047 2
0.021518 18
0.000167 1
0.000033 3
0.031976 26
0.027138 6
0.000223 12
0.000069 4
0.000080 136
0.029576 18
0.000063 1
0.000097 2
0.030646 18
0.000166 1
0.000074 2
0.029470 6
0.000272 12
0.000158 1
0.000066 2
0.033268 6
0.000255 15
0.026696 6
0.000285 12
0.000099 1
0.000082 2
0.031885 18
0.000134 1
0.000083 2
0.030675 18
0.000262 1
0.000038 2
0.028124 6
0.000304 12
0.000133 1
0.000112 2
0.034351 18
0.000182 1
0.000077 2
0.027761 18
0.000127 1
0.000071 2
0.024428 40
0.053467 6
0.000214 12
0.000479 2
0.000056 20
0.006438 6
0.000021 12
0.000138 1
0.000077 2
0.029005 18
0.000155 1
0.000084 2
0.031183 18
0.000121 2
0.000096 20
0.028562 6
0.000706 12
0.000071 1
0.000059 2
0.034250 18
0.000139 1
0.000077 2
0.031972 18
0.000189 1
0.000079 2
0.025020 6
0.000305 12
0.000123 1
0.000045 2
0.026973 21
0.032539 18
0.000111 1
0.000041 2
0.025458 21
0.033751 21
0.029519 18
0.000090 2
0.000056 20
0.029147 21
0.030074 21
0.031466 18
0.000100 1
0.000046 2
0.026314 18
0.000105 1
0.000045 2
0.030413 18
0.000104 1
0.000068 2
0.033090 21
0.034109 18
0.000095 1
0.000039 2
0.046814 18
0.000079 3
0.007535 18
0.000143 3
0.028401 18
0.000069 2
0.000047 20
0.033158 6
0.000032 12
0.000115 1
0.000037 2
0.028683 18
0.000071 1
0.000036 2
0.032898 21
0.028679 18
0.000067 1
0.000039 2
0.029596 18
0.000148 3
0.025800 18
0.000125 1
0.000047 2
0.035236 18
0.000079 1
0.000051 2
0.025179 18
0.000070 1
0.000052 2
0.034132 18
0.000063 1
0.000036 2
0.025159 18
0.000062 1
0.000042 2
0.035602 18
0.000101 22
0.028541 21
0.026943 21
0.032537 6
0.000083 15
0.033822 21
0.022735 18
0.000064 1
0.000037 2
0.031013 18
0.000084 1
0.000057 2
0.033241 18
0.000146 1
0.000049 2
0.025186 18
0.000180 3
0.033633 6
0.000191 15
0.030034 18
0.000126 3
0.026989 18
0.000088 22
0.027568 6
0.000230 13
0.000016 2
0.031183 6
0.000030 12
0.000089 1
0.000075 6
0.030795 18
0.003497 1
0.000037 2
1.783386 6
0.000742 13
0.000134 2
0.551672 22
0.506113 6
0.000964 15
0.028847 26
0.030744 67
0.025455 18
0.000123 1
0.000099 2
0.030558 6
0.000025 12
0.000061 1
0.000038 2
0.033142 18
0.000200 1
0.000078 2
0.024607 6
0.000296 13
0.000016 2
0.030000 21
0.034244 6
0.000249 12
0.000207 1
0.000015 2
0.030353 6
0.000016 12
0.000275 1
0.000204 2
0.028538 18
0.000085 1
0.000048 2
0.025764 6
0.000116 12
0.000066 3
0.031892 6
0.000082 12
0.000009 1
0.000068 2
0.030775 6
0.000122 12
0.000070 22
0.030422 21
0.032339 40
0.027413 6
0.000281 15
0.031967 6
0.000135 34
0.025122 21
0.029890 66
0.028258 6
0.000150 15
0.029894 21
0.030067 21
0.034716 21
0.028691 6
0.000143 15
0.031975 21
0.027124 18
0.000061 1
0.000059 2
0.039391 21
0.023315 18
0.000063 1
0.000043 2
0.026238 18
0.000083 2
0.000044 20
0.039078 18
0.000080 3
0.019910 18
0.000066 2
0.000040 20
0.033691 18
0.000101 1
0.000065 2
0.032638 59
0.024263 18
0.000104 1
0.000041 2
0.037205 21
0.026544 6
0.000151 15
0.030496 21
0.024938 21
0.033681 21
0.040279 40
0.019551 21
0.027132 40
0.030288 18
0.000066 1
0.000221 2
0.028006 19
0.000100 6
0.030022 6
0.000249 12
0.000017 1
0.000037 2
0.030421 18
0.000181 1
0.000011 2
0.034226 6
0.000475 12
0.000071 4
0.022672 6
0.000546 7
0.000101 12
0.033395 21
0.035196 6
0.000199 12
0.000096 1
0.000076 2
0.021844 18
0.000075 1
0.000128 2
0.032175 18
0.000082 22
0.032993 19
0.000053 2
0.023680 6
0.000442 12
0.000049 3
0.029958 6
0.000428 12
0.000226 1
0.000468 2
0.031881 21
0.034887 6
0.000060 12
0.000240 3
0.031648 18
0.000114 1
0.000156 2
0.034000 6
0.000440 13
0.000301 2
0.014822 18
0.000061 1
0.000034 2
0.029683 18
0.000073 1
0.000061 2
0.031054 18
0.000061 1
0.000035 2
0.030881 18
0.000067 1
0.000037 2
0.030736 18
0.000082 3
0.030361 18
0.000020 2
0.000040 20
0.030944 6
0.000049 12
0.000014 1
0.000034 2
0.031408 6
0.000477 13
0.000017 3
0.030558 6
0.000834 3
0.000161 12
0.021701 24
0.030839 6
0.000202 12
0.000142 1
0.000079 6
0.029210 40
0.032057 6
0.000057 12
0.000015 1
0.000014 4
0.027485 6
0.000079 12
0.000011 1
0.000007 3
0.031706 6
0.000239 19
0.029239 6
0.000177 12
0.000329 47
0.029520 111
0.029880 6
0.000176 12
0.000120 3
0.029610 21
0.042303 6
0.000115 12
0.000724 3
0.018318 6
0.000138 12
0.000125 3
0.034705 6
0.000117 12
0.000046 1
0.000017 2
0.023776 21
0.037878 21
0.021329 21
0.031108 21
0.028300 6
0.000332 15
0.033041 18
0.000076 1
0.000045 2
0.029738 6
0.001149 13
0.000060 2
0.029693 18
0.000165 1
0.000111 2
0.032725 18
0.000068 7
0.000064 28
0.031426 18
0.000139 1
0.000298 2
0.035419 18
0.000204 1
0.000062 2
0.028166 18
0.000079 1
0.000052 2
0.017140 6
0.000186 12
0.000102 1
0.000051 2
0.036799 6
0.000019 12
0.000115 1
0.000072 2
0.023985 18
0.000066 1
0.000784 2
0.029340 18
0.000089 1
0.000095 2
0.030483 18
0.000062 1
0.000035 2
0.031753 21
0.030804 18
0.000084 3
0.033512 18
0.000133 1
0.000077 2
0.029618 6
0.000189 12
0.000125 22
0.024230 18
0.000064 1
0.000056 2
0.032849 6
0.000250 20
0.031851 40
0.033912 18
0.000064 1
0.000112 2
0.020685 6
0.000091 12
0.000098 1
0.000050 2
0.031907 6
0.000013 15
0.033854 18
0.000073 1
0.000371 2
0.022697 21
0.035608 21
0.025788 21
0.027114 53
0.029842 26
0.035013 21
0.025619 6
0.000325 13
0.000094 23
0.029021 6
0.000081 12
0.000080 1
0.000055 2
0.032679 18
0.000061 1
0.000113 2
0.026652 6
0.000020 12
0.000133 1
0.000083 2
0.029923 6
0.000235 12
0.000050 1
0.000100 3
0.030271 13
0.000307 12
0.033538 6
0.000238 12
0.000222 2
0.000189 4
0.031201 18
0.000248 2
0.000041 20
0.026527 18
0.000468 3
0.030662 6
0.000293 12
0.000150 3
0.025757 18
0.000068 7
0.000115 43
0.032821 6
0.000204 15
0.000046 21
0.028349 6
0.000477 15
0.027525 18
0.000022 3
0.032609 6
0.000212 48
0.034908 21
0.025545 18
0.000185 1
0.000200 2
0.027528 18
0.000093 3
0.038709 21
0.022268 21
0.033242 18
0.000115 3
0.034109 18
0.000030 1
0.000008 2
0.021628 18
0.000205 3
0.034070 6
0.000121 15
0.025948 21
0.037048 40
0.032014 21
0.030241 24
0.026049 40
0.026305 21
0.037108 21
0.024305 6
0.000178 15
0.031430 18
0.000077 1
0.000203 2
0.022680 18
0.000256 1
0.000068 2
0.035877 6
0.000023 12
0.000123 1
0.000102 2
0.027426 18
0.000067 1
0.000037 2
0.042024 6
0.001076 34
0.017172 6
0.000146 12
0.000027 1
0.000040 2
0.031328 18
0.000018 1
0.000032 5
0.030743 6
0.000222 12
0.000016 1
0.000036 2
0.028869 18
0.000063 1
0.000062 3
0.028084 6
0.000133 19
0.032334 6
0.000139 48
0.026964 6
0.000056 12
0.000018 3
0.000023 5
0.032367 21
0.033845 21
0.028215 6
0.000015 12
0.000082 3
0.030356 6
0.000019 12
0.000062 3
0.023497 21
0.029828 21
0.028573 21
0.030246 50
0.035005 6
0.000026 12
0.000048 6
0.033919 6
0.000028 12
0.000055 3
0.023371 6
0.000171 13
0.000013 3
0.028114 6
0.000458 19
0.031995 6
0.000343 15
0.031429 21
0.025534 21
0.037748 21
0.023058 21
0.029908 21
0.030489 21
0.029527 40
0.037814 21
0.024895 21
0.025156 21
0.034056 21
0.029638 40
0.032681 21
0.031385 21
0.026010 21
0.031254 6
0.000103 12
0.000343 22
0.028371 6
0.000025 12
0.000136 3
0.026370 6
0.000201 12
0.000048 1
0.000017 2
0.032190 6
0.000094 12
0.000052 1
0.000018 2
0.032511 40
0.028076 21
0.028104 21
0.029914 21
0.029968 6
0.000137 15
0.031005 6
0.000098 12
0.000050 3
0.029579 6
0.000422 15
0.028062 18
0.000021 3
0.035824 40
0.029353 21
0.027664 6
0.000086 12
0.000058 3
0.029120 19
0.000022 2
0.027979 19
0.000014 2
0.031465 21
0.032754 21
0.026287 21
0.030395 18
0.000014 2
0.000084 20
0.029658 21
0.031543 22
0.028515 21
0.029488 6
0.000182 17
0.000018 12
0.034450 22
0.029268 65
0.030639 90
0.030168 21
0.032276 40
0.023201 21
0.031616 21
0.033563 21
0.026221 21
0.029010 21
0.030515 18
0.000064 1
0.000037 2
0.033624 18
0.000075 1
0.000121 2
0.029323 18
0.000115 3
0.030948 21
0.024570 21
0.031492 18
0.000087 1
0.000045 2
0.028254 6
0.000135 15
0.028684 21
0.034656 21
0.028983 42
0.029378 18
0.000064 1
0.000059 2
0.031924 18
0.000126 1
0.000107 2
0.026114 18
0.000074 1
0.000035 2
0.032030 22
0.028792 75
0.029892 6
0.000238 12
0.000067 1
0.000072 2
0.029902 18
0.000094 1
0.000047 2
0.028986 18
0.000067 1
0.000059 2
0.032789 6
0.000437 13
0.000042 2
0.026651 6
0.000032 12
0.000070 1
0.000050 2
0.036259 18
0.000087 1
0.000039 2
0.026282 18
0.000092 1
0.000061 2
0.029652 6
0.000404 15
0.028506 21
0.028568 18
0.000113 2
0.000077 20
0.028635 18
0.000046 1
0.000027 2
0.030606 18
0.000045 1
0.000048 2
0.029803 18
0.000077 3
0.032007 18
0.000320 3
0.030522 18
0.000078 1
0.000056 2
0.032812 18
0.000083 1
0.000043 2
0.031208 40
0.029347 21
0.026462 21
0.029129 18
0.000171 1
0.000040 2
0.029549 18
0.000093 3
0.027662 21
0.030956 6
0.000164 15
0.029749 18
0.000210 2
0.000059 20
0.034644 21
0.030062 42
0.030533 18
0.000326 1
0.000035 2
0.026359 6
0.000152 12
0.000114 3
0.043202 21
0.013770 22
0.050826 6
0.001136 4
0.000240 107
0.014577 414
0.045145 6
0.000119 12
0.000549 3
0.006230 18
0.000072 3
0.030733 6
0.000014 12
0.000059 3
0.030913 6
0.000435 12
0.000018 3
0.027978 6
0.000088 12
0.000016 1
0.000014 2
0.032825 6
0.000235 12
0.000209 1
0.000009 2
0.033228 6
0.000188 15
0.027589 21
0.032673 6
0.000567 12
0.000078 1
0.000040 2
0.026226 18
0.000071 1
0.000049 2
0.026889 18
0.000069 1
0.000050 2
0.029849 6
0.000021 12
0.000123 1
0.000154 2
0.030232 6
0.000966 34
0.029399 21
0.032123 18
0.000084 1
0.000068 2
0.029745 18
0.000074 1
0.000049 2
0.026820 18
0.000065 1
0.000045 2
0.030862 18
0.000095 1
0.000043 2
0.028601 21
0.035596 18
0.000167 1
0.000079 2
0.028513 6
0.000205 13
0.000051 2
0.031739 18
0.000169 1
0.000033 2
0.024350 18
0.000045 1
0.000019 2
0.028944 6
0.000081 12
0.000062 1
0.000039 2
0.032288 21
0.030033 40
0.033502 18
0.000210 3
0.029145 18
0.000063 1
0.000037 2
0.025227 6
0.000337 12
0.000112 1
0.000068 2
0.028408 18
0.000074 3
0.029469 21
0.030958 18
0.000087 1
0.000061 2
0.029972 18
0.000063 1
0.000038 2
0.031654 6
0.000032 12
0.000077 1
0.000225 2
0.029816 18
0.000427 1
0.000135 2
0.029395 18
0.000108 1
0.000075 2
0.027818 6
0.000168 12
0.001543 3
0.033244 6
0.000307 12
0.000048 1
0.000018 2
0.032816 6
0.000682 34
0.020826 21
0.030454 21
0.036675 21
0.024786 21
0.029519 21
0.029601 21
0.033135 18
0.000031 3
0.044502 21
0.013027 21
0.036916 18
0.000091 1
0.000058 2
0.026586 18
0.000098 1
0.000061 2
0.035373 18
0.000412 1
0.000076 2
0.022211 21
0.033273 21
0.027505 40
0.027641 6
0.000062 13
0.000079 2
0.028655 21
0.033245 18
0.000016 1
0.000069 2
0.027797 6
0.000022 12
0.000234 3
0.031478 6
0.000015 12
0.000090 1
0.000016 2
0.030107 21
0.029414 21
0.027458 21
0.035251 6
0.000205 15
0.027274 6
0.002562 15
0.032033 21
0.021709 21
0.036418 21
0.032520 21
0.029016 42
0.024188 21
0.029966 21
0.029008 21
0.030900 22
0.030599 91
0.027010 6
0.000145 12
0.000138 3
0.031235 21
0.030329 21
0.031853 21
0.031653 21
0.039091 21
0.030325 6
0.000968 15
0.016276 21
0.035861 18
0.000062 1
0.000035 2
0.025586 18
0.000139 2
0.000054 20
0.032135 18
0.000062 1
0.000035 2
0.027420 6
0.000225 12
0.000526 3
0.031119 40
0.026103 18
0.000121 3
0.034419 18
0.000067 1
0.000045 2
0.026836 21
0.031330 21
0.032010 18
0.000106 3
0.028102 40
0.028146 21
0.029203 18
0.000081 1
0.000033 2
0.035217 21
0.025264 6
0.000254 15
0.034670 18
0.000068 1
0.000037 2
0.032508 18
0.000243 1
0.000017 2
0.023902 6
0.000289 15
0.030762 18
0.000073 1
0.000060 2
0.028658 21
0.033582 18
0.000131 22
0.024959 18
0.000066 1
0.000139 2
0.058160 21
0.000079 6
0.000091 12
0.000069 3
0.031568 21
0.029622 21
0.030127 18
0.000213 1
0.000074 2
0.028488 40
0.030513 6
0.000108 12
0.000153 3
0.030805 6
0.000020 36
0.028331 6
0.000141 13
0.000056 2
0.030811 18
0.000060 1
0.000037 2
0.031837 6
0.000014 12
0.000065 3
0.030158 6
0.000163 16
0.030631 10
0.000126 67
0.000074 11
0.000070 12
0.027975 6
0.000016 12
0.000336 315
0.030031 18
0.000151 1
0.000077 2
0.035759 6
0.000021 12
0.000092 3
0.022920 6
0.000343 12
0.000017 1
0.000049 2
0.031009 18
0.000135 1
0.000079 2
0.030612 6
0.000022 12
0.000125 1
0.000092 2
0.026247 21
0.031192 6
0.000144 12
0.000062 1
0.000039 2
0.029120 6
0.000123 12
0.000046 1
0.000019 2
0.035797 6
0.000106 12
0.000048 1
0.000018 2
0.023946 6
0.000119 12
0.000189 3
0.028963 21
0.033753 6
0.000140 15
0.028965 18
0.000347 22
0.030657 18
0.000264 1
0.000080 2
0.030300 6
0.000213 15
0.024188 6
0.000066 12
0.000356 3
0.034579 21
0.029660 21
0.030220 21
0.029555 21
0.027583 21
0.038746 21
0.027855 21
0.034564 6
0.000173 12
0.000018 3
0.026320 18
0.000024 3
0.021062 6
0.000085 12
0.000018 22
0.029224 6
0.000322 15
0.035264 21
0.027825 21
0.027824 21
0.035582 21
0.026830 21
0.031779 21
0.026980 21
0.028279 21
0.038057 21
0.028506 21
0.029396 21
0.029313 40
0.026420 21
0.027508 21
0.038801 21
0.024137 6
0.000106 12
0.000155 3
0.032273 6
0.000066 12
0.000102 3
0.025769 6
0.000016 12
0.000036 3
0.029120 18
0.000060 1
0.000035 2
0.029047 18
0.000078 1
0.000059 2
0.030964 18
0.000065 1
0.000036 2
0.031884 18
0.000082 1
0.000031 2
0.032415 18
0.000148 1
0.000042 2
0.026933 6
0.000285 15
0.029602 42
0.030661 21
0.030346 6
0.000081 12
0.000014 1
0.000064 2
0.031898 18
0.000014 1
0.000142 2
0.033208 6
0.000021 12
0.000015 4
0.027955 9
0.000069 62
0.000037 11
0.000035 12
0.029994 18
0.000070 1
0.000049 2
0.027150 18
0.000154 1
0.000037 2
0.027120 21
0.028916 6
0.000214 12
0.000067 1
0.000052 2
0.029942 18
0.000105 2
0.000054 20
0.032761 18
0.000059 1
0.000036 2
0.031887 6
0.000021 12
0.000070 1
0.000114 2
0.029260 6
0.000529 12
0.000017 3
0.029374 6
0.000146 12
0.000503 22
0.028789 21
0.029374 21
0.026544 21
0.035339 21
0.025856 6
0.000098 12
0.000070 2
0.000046 20
0.033165 18
0.000101 1
0.000064 2
0.027774 18
0.000071 1
0.000045 2
0.031956 21
0.031794 21
0.029978 6
0.000139 12
0.000192 1
0.000079 2
0.030350 6
0.000408 12
0.000008 1
0.000042 2
0.042308 6
0.000284 15
0.013534 21
0.026633 21
0.030544 40
0.035854 6
0.000096 12
0.000015 1
0.000014 2
0.028443 6
0.000035 12
0.003691 3
0.029690 6
0.000390 12
0.000033 3
0.026732 18
0.000278 3
0.025584 18
0.000019 1
0.000124 2
0.042254 18
0.000245 3
0.031920 6
0.000493 34
0.017897 21
0.030927 42
0.028077 6
0.000484 15
0.029942 18
0.000083 1
0.000314 2
0.026431 19
0.000116 2
0.043104 6
0.000013 12
0.000045 1
0.000013 3
0.016922 6
0.000161 4
0.000093 65
0.000061 23
0.028250 235
0.034156 21
0.028581 21
0.030120 21
0.697582 6
0.000087 12
0.000036 12
0.000021 17
0.000007 21
0.000044 29
0.013109 6
0.000198 12
0.000076 11
0.000034 17
0.000028 110
0.000032 83
0.000055 132
0.017241 6
0.000882 12
0.000286 12
0.000259 17
0.000046 93
0.000051 28
0.000023 11
0.023640 6
0.000253 12
0.000127 11
0.000051 17
0.000054 145
0.000098 27
0.000098 25
0.019276 6
0.002402 12
0.000115 12
0.000040 17
0.000038 66
0.000055 144
0.000057 11
0.015910 174
0.038147 18
0.000059 11
0.000025 17
0.000027 100
0.000018 34
0.000041 14
0.000014 11
0.068379 18
0.000254 12
0.000007 17
0.000054 180
0.384485 6
0.002637 12
0.000289 53
0.000087 6
0.000044 12
0.019160 18
0.014925 18
0.000090 18
0.014292 18
0.017993 18
0.017910 18
0.342620 6
0.000089 12
0.000069 6
0.020876 26
0.009878 18
0.000010 8
0.012027 6
0.000057 20
0.000083 6
0.000030 20
0.000037 6
0.000249 19
0.036294 26
0.350829 6
0.000238 12
0.000980 8
0.026011 6
0.000065 12
0.000054 6
0.000106 6
0.000064 12
0.000042 8
0.000775 74
0.001551 6
0.000177 12
0.000106 17
0.000070 18
0.000048 197
0.025798 18
0.001039 18
0.025720 18
0.373092 18
0.027747 18
0.000410 18
0.229338 18
0.091975 18
0.754053 26
0.499771 18
0.000079 1
0.000045 2
0.029571 18
0.000100 1
0.000132 2
0.033309 18
0.000066 1
0.000041 2
0.032939 21
0.028455 18
0.000112 1
0.000398 2
0.028156 18
0.000209 1
0.000057 2
0.033023 21
0.026829 6
0.000227 12
0.000114 1
0.000046 2
0.032706 18
0.000082 1
0.000070 2
0.028258 18
0.000093 3
0.026367 18
0.000074 1
0.000038 2
0.029637 18
0.000160 3
0.030768 21
0.028148 6
0.000211 12
0.000093 1
0.000184 2
0.039479 6
0.000152 12
0.000299 1
0.000078 2
0.021132 18
0.000064 1
0.000037 2
0.027630 18
0.000094 1
0.000042 2
0.029581 18
0.000118 1
0.000079 2
0.037706 18
0.000121 1
0.000065 2
0.029054 18
0.000057 1
0.000034 2
0.029738 6
0.000297 15
0.024499 6
0.000129 15
0.029370 21
0.052397 6
0.000111 12
0.000341 3
0.009732 6
0.000094 12
0.000133 3
0.028690 18
0.000014 1
0.000050 2
0.027435 6
0.000090 12
0.000163 1
0.000067 2
0.029583 6
0.000074 12
0.000277 3
0.031652 6
0.000069 12
0.000148 1
0.000155 2
0.030705 6
0.000135 12
0.000016 1
0.000283 2
0.029179 6
0.000077 12
0.000136 3
0.029673 6
0.000085 12
0.000094 3
0.034018 6
0.000308 15
0.026583 6
0.000099 12
0.000166 3
0.029658 6
0.000049 12
0.000052 1
0.000150 2
0.025919 6
0.000080 12
0.000145 3
0.031604 6
0.000073 12
0.000118 3
0.033572 6
0.000108 12
0.000234 3
0.029632 6
0.000091 12
0.000089 1
0.000060 2
0.029179 18
0.000155 1
0.000039 2
0.028982 6
0.000108 12
0.000223 3
0.030425 21
0.032657 21
0.023610 21
0.029034 21
0.033686 21
0.029838 18
0.000142 1
0.000016 23
0.027851 18
0.000185 1
0.000126 2
0.028846 18
0.000203 1
0.000023 2
0.031695 6
0.000266 15
0.027250 6
0.000352 12
0.000025 4
0.030888 6
0.001486 8
0.000059 12
0.026515 6
0.000103 12
0.000093 1
0.000172 2
0.030603 21
0.030538 6
0.000173 12
0.000238 1
0.000108 2
0.028997 6
0.000145 13
0.000116 2
0.030217 40
0.028529 6
0.000225 12
0.000015 1
0.000079 2
0.033194 6
0.000202 12
0.000016 1
0.000077 23
0.028372 6
0.000145 12
0.000112 1
0.000015 2
0.028443 18
0.000062 1
0.000106 2
0.033862 6
0.000201 12
0.000122 1
0.000054 2
0.030944 18
0.000023 1
0.000106 3
0.030352 6
0.001022 20
0.033812 6
0.000885 12
0.000019 3
0.018900 6
0.000138 15
0.031732 6
0.000146 15
0.030748 6
0.000093 12
0.000074 3
0.028408 6
0.000126 12
0.000226 1
0.000020 2
0.028716 18
0.000532 1
0.000026 2
0.038648 6
0.000028 12
0.000021 1
0.000019 2
0.025187 6
0.000116 15
0.024238 21
0.033589 18
0.000097 1
0.000067 3
0.048111 6
0.000950 15
0.009335 6
0.000257 20
0.052107 6
0.000228 15
0.009600 55
0.026607 21
0.028769 21
0.036292 18
0.000395 3
0.032256 21
0.032635 6
0.000328 12
0.000062 1
0.000037 2
0.023438 18
0.000112 1
0.000053 2
0.029446 18
0.000320 3
0.026725 18
0.000071 1
0.000047 2
0.030959 18
0.000063 1
0.000038 2
0.028463 18
0.000074 2
0.000107 20
0.028043 6
0.000500 15
0.032326 21
0.027061 18
0.000264 1
0.000055 2
0.035300 21
0.027741 6
0.000592 13
0.000164 2
0.031713 18
0.000142 22
0.032992 18
0.000138 1
0.000088 2
0.022753 6
0.000141 12
0.000362 3
0.038415 6
0.000619 15
0.019096 6
0.000182 15
0.031698 6
0.000244 12
0.000048 3
0.031486 18
0.002454 3
0.024510 6
0.000150 12
0.000044 22
0.029302 6
0.000200 12
0.000049 3
0.032817 6
0.000255 12
0.000052 22
0.027926 6
0.000117 12
0.000062 3
0.033134 21
0.026508 21
0.030591 21
0.027856 21
0.030401 21
0.032423 21
0.029107 40
0.028178 6
0.000137 12
0.000020 3
0.032114 6
0.000264 12
0.000021 3
0.033396 21
0.024867 21
0.031278 6
0.000218 13
0.000050 2
0.033528 21
0.028761 6
0.000097 12
0.000016 2
0.000015 20
0.025221 21
0.030186 21
0.029632 40
0.034683 21
0.028076 21
0.034748 21
0.025298 21
0.028541 21
0.037492 21
0.021801 6
0.000078 12
0.000114 22
0.031102 21
0.031547 21
0.030041 6
0.000043 34
0.028204 18
0.000059 1
0.000118 2
0.027970 6
0.000023 13
0.000042 3
0.031676 6
0.001924 20
0.036646 6
0.000801 12
0.000032 3
0.020261 6
0.000224 13
0.000071 2
0.043662 6
0.002320 15
0.015153 6
0.000214 12
0.000061 1
0.000320 2
0.033037 6
0.000241 12
0.000061 1
0.000012 2
0.028981 6
0.000251 12
0.000066 3
0.026787 6
0.005289 34
0.022397 6
0.000232 13
0.000056 2
0.032207 6
0.000194 12
0.000404 3
0.027684 6
0.000306 12
0.000221 3
0.033424 18
0.000063 1
0.000368 2
0.024812 6
0.000251 12
0.000336 3
0.032926 6
0.000203 12
0.000200 3
0.026394 6
0.000015 12
0.000059 1
0.000015 2
0.030214 6
0.000133 12
0.000150 3
0.032610 6
0.000196 12
0.000150 3
0.029054 21
0.027580 6
0.000153 12
0.000159 3
0.029375 6
0.000439 12
0.000017 3
0.035683 6
0.000183 12
0.000106 3
0.031701 6
0.000235 12
0.000213 3
0.029525 6
0.000193 12
0.000169 2
0.000009 20
0.025790 6
0.000066 12
0.000084 1
0.000076 2
0.029034 21
0.031603 18
0.000014 1
0.000009 2
0.024613 6
0.000129 12
0.000136 1
0.000221 2
0.030946 6
0.000178 12
0.013550 3
0.015404 6
0.000124 13
0.000033 2
0.031415 6
0.000114 12
0.007508 3
0.020709 6
0.000114 12
0.000016 3
0.031649 6
0.000059 12
0.000134 3
0.031208 6
0.000015 12
0.000071 2
0.000031 20
0.027188 6
0.000123 12
0.000313 3
0.029151 6
0.000013 12
0.000096 3
0.030305 18
0.000015 3
0.029546 21
0.028767 21
0.031288 21
0.033761 40
0.031563 21
0.024439 21
0.035384 40
0.033261 21
0.028257 18
0.000022 4
0.027279 6
0.000851 20
0.025017 21
0.032962 6
0.000133 15
0.026208 6
0.000278 13
0.000024 2
0.033037 21
0.031953 21
0.025744 21
0.031388 21
0.028513 21
0.029925 21
0.032716 21
0.030961 21
0.027656 40
0.029852 21
0.030476 6
0.000330 15
0.029506 6
0.000325 15
0.031407 6
0.000103 12
0.000158 3
0.033391 21
0.024103 21
0.028740 21
0.030669 21
0.030602 40
0.034640 21
0.025868 6
0.000251 15
0.029263 6
0.000145 12
0.000294 3
0.032519 6
0.000189 15
0.027790 6
0.000052 15
0.034761 6
0.000196 34
0.022285 21
0.031394 21
0.036445 6
0.000151 12
0.000142 3
0.024183 6
0.000319 34
0.030786 18
0.000160 3
0.027831 21
0.030168 6
0.000144 15
0.030237 21
0.032504 6
0.000056 12
0.000131 22
0.036714 21
0.021834 21
0.037730 21
0.025832 6
0.000145 12
0.000057 1
0.000013 2
0.023715 6
0.000092 12
0.000043 1
0.000008 2
0.028948 6
0.000079 12
0.000016 3
0.033765 6
0.000092 12
0.000038 1
0.000016 2
0.029019 21
0.030178 6
0.000365 15
0.030638 20
0.000260 20
0.042867 6
0.000265 15
0.028759 21
0.018944 21
0.034069 21
0.024873 18
0.000287 1
0.000205 2
0.029079 6
0.000019 12
0.000111 1
0.000035 2
0.029072 6
0.000145 12
0.000145 2
0.000020 20
0.027124 6
0.000055 15
0.031524 18
0.000163 1
0.000047 2
0.031825 40
0.025773 21
0.032806 18
0.000066 1
0.000039 3
0.036072 6
0.000864 20
0.022005 21
0.032350 6
0.000154 13
0.000045 2
0.042638 6
0.000131 15
0.014036 21
0.049086 21
0.013234 40
0.028445 21
0.029095 21
0.032194 21
0.027955 21
0.028707 21
0.031312 40
0.029859 18
0.000033 3
0.030942 21
0.031553 40
0.029274 21
0.029975 22
0.032453 26
0.028386 21
0.029760 21
0.029127 6
0.000042 12
0.006619 3
0.030501 21
0.026114 21
0.032232 21
0.040370 6
0.000079 12
0.000091 2
0.000649 20
0.014332 6
0.000273 13
0.000047 2
0.031226 6
0.000125 12
0.000044 1
0.000017 2
0.027266 6
0.000238 13
0.000062 2
0.028641 21
0.032459 21
0.035389 21
0.028342 6
0.000164 12
0.000016 1
0.000011 2
0.025966 6
0.000220 12
0.000020 3
0.029402 6
0.000275 12
0.000157 3
0.027371 21
0.030514 21
0.032102 21
0.030071 6
0.000542 13
0.000010 2
0.034961 6
0.000145 12
0.000198 1
0.000220 2
0.026723 6
0.000022 12
0.000155 3
0.030704 6
0.000234 12
0.000012 1
0.000444 2
0.022953 6
0.000103 12
0.000094 22
0.029583 21
0.031698 18
0.000136 1
0.000052 2
0.034460 21
0.025424 21
0.029053 21
0.028766 21
0.031821 40
0.031770 21
0.026844 21
0.032118 6
0.000232 12
0.000133 1
0.000140 2
0.027502 6
0.000259 12
0.000017 2
0.000040 20
0.038207 6
0.000030 12
0.000051 1
0.000042 2
0.029539 6
0.000114 12
0.003223 3
0.025433 6
0.000112 15
0.035748 21
0.018056 21
0.029156 21
0.032267 21
0.026731 6
0.000160 34
0.031691 6
0.000015 12
0.000063 3
0.033383 22
0.027339 6
0.000364 3
0.000068 12
0.027648 6
0.002216 7
0.000678 12
0.029604 18
0.000063 1
0.000032 4
0.032294 18
0.000083 1
0.000015 3
0.025822 14
0.000041 12
0.031991 18
0.000072 2
0.000040 20
0.029994 21
0.027504 18
0.000083 4
0.000037 6
0.029976 21
0.029673 6
0.000195 12
0.000098 1
0.000077 2
0.029080 6
0.000019 12
0.000560 24
0.030727 6
0.000022 12
0.000168 1
0.000028 2
0.032454 21
0.025991 6
0.000226 12
0.000015 1
0.000080 2
0.030908 18
0.000073 1
0.000041 3
0.031293 26
0.032628 6
0.000903 12
0.000108 1
0.000076 2
0.023322 6
0.000273 12
0.000175 1
0.000084 2
0.041476 6
0.000392 12
0.000117 2
0.000097 20
0.021058 6
0.000358 12
0.000120 1
0.000083 2
0.028700 6
0.000023 12
0.000165 8
0.000083 48
0.000045 29
0.038234 18
0.000068 1
0.000075 2
0.029545 6
0.000362 12
0.000095 1
0.000084 2
0.021168 6
0.000440 12
0.000136 1
0.000075 2
0.031844 21
0.030305 6
0.000247 15
0.023440 21
0.032803 18
0.000068 1
0.000043 2
0.030903 21
0.034191 6
0.001005 15
0.023399 6
0.000173 12
0.000132 2
0.002900 20
0.034534 21
0.020299 6
0.000112 12
0.000054 1
0.000011 2
0.031461 6
0.000257 12
0.000020 22
0.030487 6
0.003075 12
0.000147 1
0.000101 2
0.025381 6
0.000033 20
0.000018 40
0.033494 6
0.000053 12
0.000015 1
0.000014 2
0.028738 6
0.000299 12
0.000088 3
0.026655 6
0.000324 15
0.030288 6
0.000181 12
0.000072 3
0.035998 21
0.025678 21
0.028422 6
0.000054 15
0.028625 6
0.000122 12
0.000021 3
0.031030 6
0.000104 12
0.000052 1
0.000023 2
0.028601 6
0.000118 34
0.031434 6
0.000130 12
0.000065 3
0.030526 6
0.000513 34
0.037537 18
0.000669 3
0.020017 21
0.036290 21
0.025303 21
0.029555 6
0.000142 12
0.000127 22
0.027673 6
0.000175 15
0.053542 6
0.000961 12
0.000058 3
0.014047 18
0.000114 1
0.000082 2
0.033242 18
0.000114 1
0.000073 2
0.022068 6
0.000031 12
0.000112 1
0.000035 2
0.030994 18
0.000085 1
0.000072 2
0.031382 21
0.024461 6
0.000214 15
0.029145 18
0.000090 2
0.000106 20
0.030094 21
0.031072 18
0.000188 10
0.032216 18
0.000087 1
0.000073 2
0.025656 18
0.000120 3
0.031233 42
0.028447 18
0.000169 1
0.000078 2
0.032449 6
0.000036 12
0.000110 3
0.033933 18
0.000086 1
0.000058 2
0.025288 22
0.036064 26
0.025830 6
0.000197 12
0.000119 10
0.031884 6
0.000119 12
0.000112 3
0.024610 6
0.000301 12
0.000014 1
0.000008 2
0.028988 6
0.000014 12
0.000064 2
0.000038 20
0.037685 6
0.000123 12
0.000134 3
0.022254 6
0.000070 12
0.000058 1
0.000094 2
0.029936 6
0.000183 12
0.000128 22
0.030054 6
0.000136 12
0.000151 3
0.039605 26
0.000013 40
0.023305 21
0.027277 18
0.000157 3
0.031189 6
0.000085 12
0.000042 3
0.028073 6
0.000090 12
0.000016 1
0.000015 2
0.032944 6
0.000035 13
0.000017 2
0.029986 6
0.000085 12
0.000018 3
0.029298 6
0.000123 15
0.031921 21
0.029036 21
0.028759 40
0.028720 21
0.030956 40
0.027808 21
0.031336 18
0.000092 3
0.000037 5
0.031323 40
0.031929 18
0.000060 1
0.000034 2
0.029395 6
0.000083 12
0.000140 22
0.029335 21
0.032916 40
0.031003 6
0.000215 15
0.020459 6
0.000057 12
0.000069 1
0.000150 4
0.033809 6
0.000014 12
0.000501 4
0.032470 26
0.025332 21
0.035606 21
0.023870 21
0.029699 6
0.000179 12
0.000054 3
0.032592 40
0.027347 21
0.033797 6
0.000254 15
0.027996 18
0.000803 3
0.033615 6
0.000287 15
0.021926 6
0.000105 15
0.039836 21
0.022667 21
0.028746 21
0.031067 21
0.028899 21
0.029681 18
0.000072 1
0.000116 2
0.035239 18
0.000072 1
0.000049 2
0.029688 6
0.000155 12
0.000093 1
0.000047 2
0.022754 18
0.000086 22
0.038673 18
0.000075 1
0.000071 2
0.035686 18
0.000067 1
0.000036 2
0.021307 18
0.000072 1
0.000033 2
0.028155 21
0.027024 21
0.029742 21
0.030988 18
0.000062 1
0.000035 2
0.029895 18
0.000064 1
0.000048 2
0.033593 40
0.026609 6
0.000104 13
0.000009 2
0.031870 6
0.000127 16
0.027496 21
0.035273 25
0.030020 83
0.025710 21
0.030878 21
0.027478 21
0.030196 18
0.000130 3
0.029336 21
0.030586 6
0.000196 15
0.035967 18
0.000074 1
0.000038 2
0.029603 18
0.000072 1
0.000049 2
0.023231 21
0.034146 21
0.027640 6
0.000219 15
0.028980 18
0.000069 1
0.000074 2
0.029720 18
0.000078 3
0.030969 18
0.000118 7
0.000122 34
0.036165 21
0.024313 6
0.000034 12
0.000008 1
0.000105 2
0.036843 18
0.000019 3
0.028647 6
0.000418 12
0.000022 1
0.000059 2
0.025618 6
0.000271 13
0.000011 2
0.027320 6
0.000184 15
0.030622 18
0.000063 1
0.000037 2
0.027888 18
0.000079 3
0.030915 21
0.027500 18
0.000149 1
0.000101 2
0.033877 6
0.000119 12
0.000238 3
0.000089 21
0.031453 6
0.000167 18
0.031649 18
0.000122 3
0.029096 6
0.000079 15
0.023496 6
0.000077 15
0.031078 21
0.031177 21
0.029151 21
0.027914 21
0.031037 18
0.000067 1
0.000036 2
0.030125 21
0.032556 18
0.000111 1
0.000093 2
0.031806 18
0.000159 3
0.032204 18
0.000199 3
0.032541 21
0.020998 6
0.000015 15
0.032354 18
0.000089 1
0.000015 2
0.033005 22
0.024894 25
0.035120 53
0.031225 40
0.022855 21
0.034165 18
0.000088 1
0.000387 2
0.024310 21
0.042625 6
0.000179 12
0.000257 1
0.000071 2
0.025014 18
0.000117 1
0.000033 2
0.022379 18
0.000071 1
0.000044 2
0.029874 18
0.000081 3
0.030229 18
0.000100 3
0.029027 18
0.000070 1
0.000046 2
0.030438 18
0.000247 3
0.029523 18
0.000162 22
0.031051 18
0.000062 1
0.000038 4
0.030844 22
0.027780 9
0.000032 12
0.038412 24
0.026155 6
0.000089 12
0.000053 1
0.000033 4
0.026627 6
0.000081 12
0.000193 1
0.000039 3
0.030198 13
0.000210 12
0.027251 18
0.000071 2
0.000064 20
0.032885 18
0.000068 1
0.000065 2
0.031761 18
0.000062 4
0.000043 6
0.027808 18
0.000057 1
0.000034 2
0.032152 18
0.000093 1
0.000051 2
0.034207 19
0.000741 23
0.027523 6
0.000132 13
0.000020 2
0.028275 21
0.025657 18
0.000126 1
0.000087 2
0.032487 18
0.000217 1
0.000022 3
0.028049 13
0.000046 12
0.027757 18
0.000094 7
0.000059 125
0.032993 6
0.001218 13
0.000015 2
0.028652 21
0.026433 21
0.033886 21
0.028269 6
0.000165 12
0.000370 3
0.029280 21
0.028734 21
0.031166 21
0.032829 18
0.000166 1
0.000016 2
0.033504 6
0.000286 12
0.000108 2
0.000095 20
0.032529 18
0.000214 1
0.000064 2
0.022438 18
0.000078 2
0.000046 20
0.026030 18
0.000068 2
0.000077 20
0.032050 18
0.000124 1
0.000151 2
0.030884 18
0.000072 1
0.000038 2
0.033405 18
0.000111 1
0.000047 2
0.028072 18
0.000072 1
0.000076 2
0.028140 18
0.000106 3
0.028375 18
0.000066 1
0.000098 2
0.034753 6
0.000021 12
0.000154 1
0.000037 2
0.024443 6
0.000212 12
0.000092 1
0.000108 2
0.029512 6
0.000034 12
0.000110 1
0.000264 2
0.032219 18
0.000299 3
0.030628 18
0.000061 1
0.000068 2
0.029506 18
0.000071 1
0.000045 2
0.026390 18
0.000060 1
0.000043 2
0.030676 18
0.000078 1
0.000065 2
0.035142 18
0.000067 1
0.000062 2
0.026485 18
0.000069 2
0.000055 20
0.028978 19
0.000054 2
0.027917 6
0.000170 16
0.000054 6
0.030703 18
0.000056 1
0.000058 2
0.030295 6
0.000102 12
0.000228 3
0.030825 18
0.000309 1
0.000015 23
0.036949 18
0.000055 1
0.000017 2
0.022201 6
0.000034 12
0.000083 3
0.035433 18
0.000079 1
0.000112 2
0.022302 6
0.000101 13
0.000116 3
0.030681 13
0.000070 12
0.027630 6
0.000105 12
0.000187 10
0.035826 18
0.000067 1
0.000045 2
0.030710 18
0.000067 1
0.000035 2
0.028393 6
0.000108 12
0.000406 22
0.029838 6
0.000120 12
0.000164 1
0.000289 2
0.027036 6
0.000151 12
0.000355 3
0.033251 6
0.000192 34
0.028402 21
0.032055 40
0.026163 21
0.033152 53
0.023338 26
0.030264 18
0.000103 2
0.000270 20
0.034520 6
0.000278 12
0.000027 3
0.029972 6
0.000209 12
0.000013 2
0.000094 20
0.026027 40
0.031216 18
0.000071 1
0.000039 2
0.031010 18
0.000066 2
0.000130 20
0.031440 21
0.028111 23
0.029902 22
0.026872 6
0.000438 67
0.029553 21
0.035435 21
0.027149 21
0.028817 18
0.000092 1
0.000047 2
0.036735 18
0.002518 1
0.000230 2
0.020355 6
0.000106 12
0.000086 1
0.000058 2
0.030719 6
0.000111 12
0.000189 3
0.028644 18
0.000015 3
0.414979 6
0.000079 12
0.000067 1
0.000753 2
0.508094 18
0.000366 22
0.026370 6
0.000127 13
0.000017 2
0.030760 18
0.000068 3
0.023598 21
0.032802 21
0.028617 6
0.000061 15
0.030292 21
0.029210 6
0.000153 15
0.031562 18
0.000094 1
0.000049 2
0.033142 6
0.000034 12
0.000180 2
0.000510 20
0.027337 19
0.000068 2
0.025976 6
0.000134 13
0.000020 3
0.034133 18
0.030857 6
0.000275 16
0.000033 11
0.000049 12
0.027734 21
0.031147 6
0.000110 12
0.000081 1
0.000048 2
0.031155 18
0.000095 1
0.000038 2
0.025700 18
0.000080 1
0.000022 2
0.031329 18
0.000213 3
0.026500 6
0.000123 15
0.031790 6
0.000124 15
0.031653 21
0.029195 21
0.032490 21
0.024453 22
0.030204 18
0.034131 18
0.030877 6
0.000017 12
0.030986 18
0.023894 18
0.029975 18
0.034663 18
0.032487 18
0.029771 18
0.038821 18
0.015991 18
0.038716 18
0.022904 18
0.033374 18
0.440697 6
0.001562 21
0.000047 43
0.000047 59
0.000046 69
0.000048 92
0.000052 148
0.000048 92
0.000041 35
0.000039 13
0.000047 79
0.000198 44
0.000092 275
0.000071 222
0.001224 291
1.143101 14
0.001513 325
0.000069 133
0.000046 6
0.000045 12
0.399154 6
0.000606 8
0.000453 42
0.013980 524
0.338121 6
0.000977 6
0.000066 8
0.000045 12
0.000159 32
0.000097 8
0.001367 8
0.000082 78
0.734222 11
0.451422 26
0.880421 49
3.596343 11
0.009999 137
0.000129 8
0.000070 78
1.842273 20
0.196462 35
0.407163 26
1.674608 11
0.006582 104
0.000015 28
0.000066 6
0.000322 59
0.000945 118
0.000012 6
0.000139 6
0.000019 37
0.000018 75
0.000011 117
0.000009 36
0.000039 72
0.000046 112
0.000440 5
0.000009 110
0.000072 222
0.000056 103
0.000009 99
0.000068 221
0.001041 126
0.000022 226
18.378208 11
0.000210 8
0.000014 44
0.000062 8
0.001214 86
43.597380 25
0.201829 49
0.326156 45
0.260355 11
0.006337 75
0.000713 29
0.000235 34
0.000435 41
0.000190 18
0.000831 124
0.000799 570
0.000023 106
0.000024 116
0.000015 103
0.000046 99
0.000016 115
0.000022 106
0.000015 126
0.000022 96
0.000017 118
0.000022 12
19.443921 71
0.000491 8
0.001791 78
10.926896 25
0.178577 49
0.593142 35
0.983755 11
0.012883 62
0.001933 7
0.000418 6
0.000398 29
0.000051 28
0.000133 6
0.002032 8
0.000067 33
0.000274 12
0.000045 6
0.003581 3
0.000066 115
0.000032 6
0.000154 6
0.000041 37
0.000036 75
0.000048 117
0.003658 1713
0.764184 18
2.408478 13
0.000073 15
0.000035 6
0.002648 48
0.523788 20
0.000059 26
0.277320 6
0.001229 40
0.511962 6
0.001011 14
0.000015 26
0.161944 46
0.138554 46
0.144875 6
0.000560 40
0.507761 6
0.000878 14
0.000307 26
0.023281 46
0.028765 46
0.028816 46
0.030613 6
0.000111 14
0.000058 26
0.032844 6
0.000174 40
0.026597 6
0.001216 40
0.028636 46
0.030731 6
0.000322 40
0.030935 46
0.035938 46
0.027457 9
0.000043 12
0.023983 14
0.000051 56
0.000031 6
0.000041 12
0.000044 5
0.046068 31
0.014409 31
0.031221 31
0.027446 31
0.030962 31
0.030237 31
0.033805 31
0.026304 6
0.000132 20
0.000110 5
0.039566 31
0.019622 14
0.000050 12
0.000047 5
0.030847 31
0.029469 14
0.000055 12
0.000079 5
0.029689 31
0.030725 6
0.000174 8
0.001741 17
0.028053 31
0.029271 6
0.000292 25
0.056378 6
0.000227 8
0.000583 17
0.025530 31
0.013769 6
0.000221 25
0.024693 6
0.000222 8
0.000014 17
0.030938 6
0.000022 8
0.000118 12
0.000111 5
0.027120 6
0.000377 8
0.000020 17
0.030451 14
0.000085 12
0.000052 5
0.028522 14
0.000055 12
0.000070 5
0.034065 14
0.000054 12
0.000048 5
0.026933 14
0.000072 12
0.000080 5
0.033200 14
0.000058 12
0.000322 5
0.529831 18
0.022910 18
0.020094 18
0.023258 18
0.020466 18
0.028861 18
0.030534 30
0.051253 18
0.811740 6
0.004663 1662
1.337810 490
0.340125 14
0.000121 5
0.000086 37
0.010632 524
0.259187 12
0.000684 8
0.000046 12
0.000035 32
0.000046 8
0.001241 8
0.000117 78
0.376565 11
0.211043 26
0.390805 49
2.073368 2
0.001050 9
0.011387 137
0.000464 86
0.589869 20
0.148196 35
0.159868 26
0.700880 11
0.012770 8
0.000136 54
0.000066 13
0.001288 29
0.000163 34
0.000725 59
0.000928 3
0.000013 121
0.000213 6
0.000017 37
0.001062 75
0.000147 1449
27.697332 6
0.000267 5
0.001835 60
0.002376 8
0.000408 78
0.498265 25
0.184697 49
0.151450 35
1.062416 11
0.006972 104
0.000128 34
0.000145 41
0.000057 18
0.001251 124
0.000139 43
0.000054 75
0.000025 190
0.000021 147
0.001402 5
0.000587 651
0.000025 319
0.000087 505
0.000151 180
0.000152 12
0.606758 34
0.001602 48
0.498415 6
0.001030 40
0.037326 20
0.000085 14
0.000034 12
0.033463 20
0.000061 14
0.000021 12
0.023690 20
0.000102 14
0.000022 12
0.027649 46
0.026773 46
0.030742 6
0.000688 40
0.033741 46
0.033165 20
0.000180 14
0.000038 12
0.025030 46
0.038151 46
0.019202 6
0.000805 40
0.028944 6
0.000428 40
0.031162 46
0.032281 46
0.027879 6
0.000582 40
0.028208 46
0.031695 21
0.029632 93
0.028506 31
0.033660 31
0.029651 14
0.000058 12
0.000131 5
0.031566 14
0.000159 12
0.000213 5
0.025055 14
0.000048 12
0.000146 5
0.028469 6
0.000213 8
0.000018 12
0.000059 5
0.028626 14
0.000107 12
0.000050 5
0.031144 6
0.000021 8
0.000248 12
0.000018 5
0.032373 14
0.000023 12
0.000061 5
0.032610 6
0.000023 8
0.000049 12
0.000136 5
0.025229 6
0.000220 25
0.029607 6
0.000193 8
0.000063 12
0.000064 5
0.039744 14
0.000091 17
1.155378 6
0.000830 21
0.000047 43
0.000043 59
0.000082 69
0.000063 92
0.000052 148
0.000045 92
0.000271 35
0.000052 13
0.000149 79
0.000138 44
0.000069 275
0.000175 386
0.000083 99
0.000065 170
0.000056 34
1.171135 14
0.000081 53
0.000048 88
0.000049 14
0.000044 34
0.000044 51
0.000043 79
0.000081 6
0.000071 139
0.000015 12
0.408873 6
0.000584 8
0.000053 5
0.000727 37
0.011958 524
0.398201 6
0.000686 66
0.001155 86
0.554692 11
0.223569 26
0.695889 49
0.734610 2
0.000546 9
0.009514 137
0.001107 86
0.861711 20
0.174961 35
0.361253 26
0.998939 2
0.000776 9
0.007513 197
0.000236 3
0.000073 121
0.000124 43
0.000046 75
0.000021 190
0.000015 35
0.000037 112
0.000456 5
0.000016 110
0.000073 325
0.000064 99
0.000019 221
0.000015 126
0.000014 96
0.000042 118
0.000017 12
1.978980 18
0.036365 18
0.034980 18
0.029468 18
0.057209 18
0.440839 18
0.000031 4
0.245517 11
0.000196 3
0.000127 12
0.000077 4
0.020121 6
0.000100 12
0.000798 18
0.011080 6
0.000012 12
0.017452 6
0.000040 12
0.000054 6
0.000052 12
0.026358 6
0.000281 12
0.046094 18
0.000371 6
0.000066 12
0.000132 18
0.346669 6
0.001006 12
0.298217 18
0.000152 4
0.034108 18
0.000056 4
0.021926 18
0.000093 5
0.025804 6
0.001001 17
0.041242 6
0.000073 12
0.000112 6
0.000025 12
0.064388 6
0.000207 12
0.177888 6
0.000389 12
0.000021 4
0.014515 18
0.000187 4
0.013303 6
0.000112 16
0.026717 21
0.070374 18
6.036756 6
0.000910 333
0.000500 133
0.000080 18
2.278805 6
0.000705 1
0.001804 42
0.013060 500
0.286343 6
0.000046 65
0.000503 8
0.000086 78
1.744172 25
2.644060 28
1.439672 2
0.187936 2
0.211480 2
0.257032 4
0.166992 4
0.099081 4
0.443557 2
0.359582 4
0.574510 1
0.179298 1
0.134794 1
0.122922 1
0.363414 2
0.000045 9
0.000462 6
