0.025096 86
1.007610 1
0.124223 1
0.169589 1
0.111570 1
2.028581 8
0.312228 16
0.299649 42
0.640635 94
1.398728 11
0.017895 80
0.000136 105
0.002186 83
0.000260 1767
0.003361 271
0.000540 1885
1.415489 21
0.000183 271
1.248162 200
0.000636 166
0.000774 188
0.008108 155
1.752432 52
0.961496 45
0.220090 30
0.201567 28
0.181057 28
0.869244 28
0.148841 28
0.155087 28
0.150579 30
0.144356 27
0.157386 27
0.250732 27
0.273289 27
0.262025 27
0.214687 27
0.198953 27
0.500418 27
0.032022 27
0.029548 27
0.029666 29
0.031219 28
0.030005 28
0.030560 28
0.029478 1
0.096541 28
0.303985 28
0.501234 43
0.030732 28
0.030001 35
0.030793 28
0.030744 28
0.028039 29
0.225628 28
0.387331 28
0.713633 248
0.139380 311
0.784175 270
0.175860 311
0.374820 40
0.080449 40
0.538987 50
0.152146 50
0.364184 248
0.078459 311
3.592925 31
0.412869 52
0.366512 46
0.238785 1
0.250564 53
0.240038 41
0.539684 49
0.217117 28
0.192432 41
0.223033 28
1.569756 28
0.678566 195
0.154632 245
0.556424 33
0.377352 1
0.317687 32
1.147783 140
0.137499 177
0.629245 31
0.337015 32
0.590457 29
1.244399 29
0.754852 87
0.094273 112
5.374053 30
0.497955 29
0.030882 29
0.030703 29
0.029720 29
0.029907 29
0.030429 29
0.029700 29
0.030235 29
0.029911 29
0.177467 30
1.931126 29
0.636774 86
0.644451 75
1.930580 75
0.727544 86
2.167314 42
0.100399 18
0.000339 111
25.218034 23
0.000009 25
0.693312 1
0.111985 1
0.389444 1
0.000018 20
0.000029 14
0.006775 136
0.000342 47
0.000011 29
0.000885 86
1.239249 16
0.194367 23
0.356709 16
0.725309 42
0.861696 11
0.035795 86
0.444293 30
0.349107 94
1.311992 23
0.586642 16
1.974070 11
0.001772 11
0.000439 86
7.215853 1
0.218524 1
0.274032 1
0.148682 1
1.087960 11
0.000070 6
