0.020296 86
1.091743 1
0.063953 1
0.156887 1
0.190905 1
0.255055 11
0.000354 1409
0.000017 239
0.000029 200
0.000008 61
0.000030 214
0.000032 106
0.000011 154
0.000025 91
0.000026 240
0.000021 130
0.000020 77
0.000009 55
0.000025 163
0.000019 76
0.000010 94
0.000008 80
0.000026 170
0.000021 91
0.000018 93
0.000009 129
0.000169 277
0.000044 8
0.000055 78
0.592762 1
0.113222 1
0.382187 11
0.003096 393
0.000488 8
0.000056 78
0.257158 1
0.052824 1
0.875899 1
0.468832 1
0.963192 1
0.752543 2
0.195628 2
0.062506 2
0.172872 2
0.198879 2
0.178489 2
0.070134 2
0.177367 2
0.069831 2
0.574738 11
0.000363 124
2.731754 2
0.091886 2
0.265600 4
0.130923 4
0.325385 1
0.099076 1
0.191275 1
4.030100 2
0.000014 9
0.000071 34
0.000183 8
0.000025 116
5.346713 1
0.295445 1
1.400092 1
0.117779 1
0.134435 1
5.203935 4
0.174644 4
0.155711 4
0.137021 4
0.193191 4
0.173184 1
0.057770 1
1.353728 1
0.506545 1
0.146328 1
0.358346 11
0.000283 86
1.291449 1
0.195885 1
0.287839 1
0.105855 1
0.618400 4
0.161101 4
0.136641 4
0.377927 1
0.281738 1
0.117366 1
0.101499 1
1.018310 1
0.323990 1
0.213710 1
0.210625 1
0.223301 1
0.992773 11
0.001517 86
1.597902 1
0.340677 1
0.304194 1
0.169450 1
0.064517 1
0.942831 1
0.320594 1
0.243173 1
0.240534 1
0.370361 1
1.562123 11
0.002607 8
0.000014 78
17.830079 1
0.199133 1
4.730481 1
7.995089 1
0.208524 1
0.138306 1
0.223146 1
0.290085 1
0.817101 1
0.244842 1
0.244579 1
1.706110 1
2.165464 1
0.058115 1
0.168256 1
0.659934 1
0.212046 1
0.236654 1
0.239083 1
0.358784 11
0.003241 86
3.753865 1
0.110902 1
1.055312 1
0.162417 1
0.123995 1
2.701533 4
0.206257 4
0.177070 4
0.468684 1
0.309233 1
0.203868 1
0.079991 1
0.259670 1
0.241390 1
0.427203 1
0.403409 1
0.565563 1
2.049123 1
33.047010 1
0.367314 4
0.351658 1
0.968653 1
0.455338 2
0.243783 2
0.096834 2
0.192596 2
0.172953 2
0.182861 2
0.111770 2
0.199085 2
0.079930 2
0.700920 11
0.003190 86
16.825127 2
0.429293 2
0.333014 4
0.154320 4
0.361707 1
0.103939 1
1.526340 1
0.172287 1
0.086694 1
0.208085 1
0.158867 1
0.166381 1
0.213356 1
0.228215 1
6.586113 11
0.002784 86
1.733088 1
0.194361 1
0.086645 1
0.198289 1
0.080432 1
0.117930 1
0.172280 1
0.917910 11
0.000059 1597
0.000017 157
0.000013 145
0.000017 133
0.000015 66
0.000136 135
0.000017 696
0.000020 109
0.000012 52
0.000012 42
0.000013 36
0.000012 46
0.000055 183
0.000017 48
0.000011 43
0.000027 88
0.000013 74
0.000029 121
0.000012 43
0.000028 128
0.000013 2
0.000014 122
0.000011 13
0.000012 73
0.000016 28
0.000010 59
0.000027 55
0.000011 97
0.000013 25
0.000014 56
0.000010 26
0.000026 124
0.000011 18
0.000145 8
0.000139 78
44.844735 1
0.203540 1
0.293205 1
0.121557 1
2.176237 17
