0.014000 14
0.009914 108
23.072666 105
0.050724 105
0.024644 105
0.045403 105
0.022224 105
0.022706 105
0.022677 105
0.021662 105
0.025331 105
0.022543 105
0.022994 105
0.024229 105
0.043869 105
0.030102 105
0.099951 105
0.085675 105
0.025587 105
0.018938 105
0.043950 105
0.045992 105
1.457460 1
0.190647 1
0.079906 1
0.119698 1
0.078601 1
0.480681 1
0.152543 1
0.230448 1
0.139505 1
0.151424 1
0.295765 1
0.093074 1
0.702059 4
0.180399 4
0.267286 1
0.236020 1
0.074267 1
1.447568 2
0.000759 9
0.012776 108
15.787384 1
0.081652 1
0.126704 1
0.124718 1
0.311646 1
0.127822 1
0.699155 2
0.000082 9
0.017281 263
0.000200 8
0.000254 100
13.458329 1
0.141845 1
0.207389 1
0.591512 1
0.232924 1
0.080099 1
0.169897 1
1.324900 11
0.004209 263
0.000158 8
0.001401 100
50.376864 1
0.080530 1
1.441510 1
0.186676 1
0.089286 1
1.670838 11
0.005905 112
0.000040 100
3.011006 1
0.118072 1
0.248851 1
0.296296 1
0.306647 1
0.951482 2
0.000028 9
0.002741 99
0.000100 2
0.000763 8
0.000075 100
1.767038 1
0.411464 1
1.590135 1
0.144940 1
0.153882 1
0.156840 1
0.163818 1
1.735117 11
0.004844 389
0.000106 108
117.847509 1
0.259064 1
0.440061 1
0.081764 1
0.992416 2
0.003941 15
