0.019287 14
0.011161 86
7.501534 1
0.175369 1
0.068830 1
0.137049 1
0.371745 4
0.371238 4
0.138706 4
0.275312 1
0.079408 1
0.156045 1
0.320690 1
0.640498 1
0.258177 1
1.455067 11
0.015995 33
2.561349 2
0.041255 60
14.622390 1
0.169436 1
0.140420 1
0.118911 1
0.117812 1
1.805564 1
0.251740 1
0.152367 1
0.162861 1
0.253602 1
0.787731 1
0.338002 1
0.281131 1
0.355486 1
0.816666 1
0.189314 1
0.241412 1
0.142765 1
0.083507 1
0.229143 1
0.264343 1
8.011811 11
0.011549 60
1.248555 1
0.096873 1
0.261025 1
0.410731 1
0.158804 1
0.168223 1
0.226287 1
1.041942 1
0.366930 1
0.085853 1
0.200369 1
0.315176 1
0.213233 1
0.224350 1
0.139849 1
0.098688 1
0.208996 1
0.253475 1
0.649165 1
1.121071 99
40.214457 85
0.046990 85
4.978661 1
0.105408 1
0.208046 1
0.090110 1
0.171546 1
0.482185 4
0.381288 1
1.553335 1
0.202678 1
0.090943 1
0.216264 1
0.167546 1
0.240455 1
0.189318 1
0.146157 1
0.104302 1
0.203825 1
0.242128 1
1.313001 11
0.010710 8
0.000034 80
14.667338 1
0.213080 1
0.079992 1
0.152025 1
0.973892 1
0.251705 1
0.229491 1
0.232244 1
0.216172 1
0.910702 1
0.297647 1
0.180362 1
0.172058 1
0.160962 1
0.218955 1
0.136701 1
0.508346 1
0.397166 4
0.133637 1
0.111714 1
0.155943 1
0.107301 1
2.729648 2
0.000085 9
0.028497 75
0.003393 88
6.030983 1
0.263800 1
0.124743 1
0.127587 1
0.129352 1
1.969904 1
0.147758 1
0.248920 1
0.135252 1
0.296745 1
0.550111 4
0.158882 1
0.124642 1
0.246506 1
0.136818 1
4.296000 1
0.210931 1
0.165033 1
0.248033 1
0.168264 1
0.230958 1
0.197821 1
0.361718 1
0.176331 1
0.234527 1
0.263505 1
0.764975 11
0.008965 88
14.875770 1
0.230806 1
0.171266 1
0.187097 1
1.224121 1
0.163385 1
0.205730 1
0.174447 1
0.443613 1
0.329041 1
0.254647 1
0.491416 1
0.295962 1
0.256750 1
0.293186 1
0.124560 1
0.218550 1
0.774931 11
0.030050 88
9.714629 1
0.303289 1
0.138774 1
0.169989 1
0.373400 1
0.889311 1
0.122837 1
0.212584 1
0.186249 1
0.235445 1
0.278559 1
0.280001 1
0.303850 1
0.150375 1
0.227130 1
0.106772 1
0.129022 1
0.165346 1
0.230660 1
0.200613 1
0.500352 1
1.614581 11
0.054215 88
1.417938 1
0.085809 1
0.195795 1
0.622041 1
0.273117 1
0.751324 1
0.433674 1
0.199785 1
0.114582 1
0.476574 1
0.830275 1
0.187059 1
0.186025 1
0.143704 1
0.153964 1
0.139794 1
0.164159 1
0.080878 1
0.215380 1
0.732405 1
0.161092 1
0.205202 1
0.064103 1
0.160326 1
0.152395 1
0.116774 1
0.121579 1
0.921513 11
0.692982 239
0.000334 88
1.810044 27
0.206230 1
0.505096 1
0.037265 1
0.031048 1
0.020298 1
0.029515 1
0.028259 1
0.029529 1
0.031766 1
0.029134 1
0.034454 1
0.024672 1
0.039797 1
0.025635 1
0.038993 1
0.033798 1
0.014017 1
0.027144 1
0.030776 1
0.030126 1
0.034225 1
0.435060 5
1.009500 11
0.034201 88
0.722857 28
0.291897 89
0.451958 89
1.016280 1
1.309508 11
0.034321 88
52.755646 1
0.209055 1
0.239781 1
0.546975 1
0.169037 1
0.945887 1
0.281508 1
0.365232 1
0.150616 1
0.149593 1
0.149728 1
0.898459 1
0.188859 1
0.091379 1
0.218969 1
0.876064 1
0.158570 1
0.081105 1
0.219777 1
0.172031 1
0.201724 1
0.164945 1
0.323775 1
0.140796 1
0.230524 1
0.270038 1
0.622316 11
0.001332 88
102.114954 1
0.122840 1
0.438900 1
0.172396 1
0.350583 1
0.485600 1
0.147202 1
0.084509 1
0.234273 1
0.178595 1
0.219118 1
0.180797 1
0.181618 1
0.110834 1
0.227983 1
0.261129 1
4.125523 11
0.004063 68
0.000068 80
20.568960 1
0.290851 1
0.167279 1
0.196012 1
0.107852 1
1.351990 1
0.237074 1
0.346938 1
0.255043 1
0.773470 1
0.148666 1
0.127546 1
0.247722 1
0.184297 1
0.209862 1
0.175964 1
0.153601 1
0.125519 1
0.206813 1
0.236311 1
0.462244 11
0.010539 88
1.711977 20
0.263012 62
0.776986 11
0.002562 68
0.000081 80
143.811654 2
0.246099 2
0.134427 1
0.542331 4
0.168946 4
0.097803 4
0.736766 1
0.159999 1
0.456367 4
0.275007 1
0.143462 1
0.128539 1
0.228358 1
0.084598 1
0.190453 1
0.144831 1
0.144061 1
0.106045 1
0.261039 1
2.691043 11
0.022925 2
2.638078 1
0.256222 1
0.184212 1
0.117248 1
0.195996 1
0.074875 1
0.226031 1
0.151368 1
0.206571 1
0.192058 1
0.212347 1
0.110466 1
0.196960 1
0.254037 1
10.386855 2
0.032507 47
0.000322 33
0.000025 50
0.000046 7
0.001146 13
0.000027 29
0.000040 27
0.000243 14
0.000131 2022
0.001633 396
0.000934 115
0.000375 2047
0.000042 423
1.230985 304
85.503820 34
0.556054 39
0.385837 32
0.272185 32
0.122865 32
1.154301 41
2.010866 32
0.286958 32
0.117367 32
0.184763 32
0.541035 41
2.124989 32
0.235120 32
0.100668 32
0.306909 32
0.197812 33
0.964151 42
19.325853 32
0.264611 32
0.159570 32
0.090685 32
1.775243 41
3.078935 32
0.289354 32
0.165761 32
1.074365 41
2.595098 32
0.170498 32
0.187709 32
0.073721 32
0.540806 41
5.880850 32
0.156239 32
0.166293 32
0.111813 32
0.109089 33
1.378924 42
31.322045 32
0.294419 32
0.816187 32
0.149417 32
6.173104 31
0.733574 31
0.222676 41
0.383022 32
0.214678 32
0.156478 32
0.106782 32
1.378472 28
0.474619 28
0.399849 28
0.444260 32
0.380500 32
0.403857 28
0.401730 28
0.678164 32
0.929704 32
0.275686 28
2.323613 28
0.183873 32
0.235980 32
0.211610 28
0.207031 28
0.222701 28
0.339889 1
0.849060 1
0.371129 30
0.465688 30
0.334357 43
11.287269 33
0.586136 41
0.205754 33
1.915410 33
0.607323 33
1.385930 33
0.443425 46
4.091112 41
0.100400 18
0.000385 119
1.474233 49
0.263173 1
0.150218 1
0.497640 1
0.000087 20
0.000015 12
0.011331 82
0.001558 22
0.000017 54
0.001914 2
70.551192 1
0.196673 1
0.250901 1
1.153199 3
0.244135 3
0.260619 3
2.315466 1
0.238069 1
0.255026 1
0.106902 1
8.140495 2
0.002415 88
1.438525 1
0.165892 1
0.185119 1
0.141682 1
0.164207 1
0.095447 1
0.223320 1
0.148837 1
0.209004 1
0.183706 1
0.143240 1
0.118927 1
0.220050 1
0.246361 1
5.360422 11
0.002423 102
0.000297 88
61.836611 1
0.974789 1
0.545940 1
0.271327 1
0.100343 1
0.932927 1
0.217810 1
0.170749 1
0.091154 1
0.507513 1
0.155525 1
0.086900 1
0.238672 1
0.156018 1
0.228424 1
0.182787 1
0.153850 1
0.117925 1
0.215111 1
0.263973 1
0.884259 11
0.004511 88
20.856371 85
0.093472 85
0.109950 85
0.129176 85
3.220557 1
0.203008 1
0.179765 1
0.132674 1
0.224758 1
0.108116 1
5.889468 11
0.083097 220
0.005779 88
2.254474 6
0.437794 4
9.057631 1
0.310609 11
0.087852 135
0.007842 88
4.295852 1
0.214864 1
0.096675 1
0.132474 1
0.125665 1
0.740738 105
1.678870 1
0.088821 1
0.134210 1
0.177520 1
0.225944 1
0.677125 1
0.142566 1
0.095385 1
0.207453 1
0.166299 1
0.204699 1
0.163597 1
0.152114 1
0.143406 1
0.205727 1
0.274853 1
1.082821 11
0.000934 59
0.000022 2
0.000242 88
26.351492 1
0.301957 1
0.260246 1
0.181455 1
0.174362 1
0.756188 1
0.295730 1
0.185214 1
0.147663 1
0.623107 1
26.032881 2
0.000024 17
0.000362 80
20.992696 1
0.265143 1
0.253275 1
0.792213 4
0.182007 4
0.171643 4
0.618770 1
0.161910 1
0.577800 1
0.092685 1
0.337328 1
1.068975 1
0.206870 1
0.209193 1
0.186530 1
0.167807 1
0.118248 1
0.172872 1
0.131341 1
0.394559 1
0.163726 1
0.236464 1
0.267539 1
1.142267 11
0.002951 88
0.533752 1
0.196692 1
0.168835 1
0.121162 1
0.121281 1
0.754341 1
0.225025 1
0.159977 1
0.211628 1
0.091614 1
0.186428 1
0.110141 1
0.116997 1
6.159299 2
0.000049 9
0.003329 88
0.481633 1
0.109090 1
0.362245 1
0.187554 1
0.217779 1
2.003036 11
0.003711 14
0.000104 62
0.000132 2
0.000569 139
0.000122 88
62.588109 1
0.210009 1
0.064401 1
0.123060 1
0.127180 1
0.551843 1
0.288691 1
0.144439 1
0.120760 1
0.167979 1
1.018707 19
0.000058 80
118.436935 1
0.588912 1
0.266248 1
0.111688 1
0.132675 1
4.803869 4
0.579415 1
1.570640 1
0.191032 1
0.122613 1
0.178811 1
0.074732 1
0.182312 1
0.222856 1
0.194323 1
0.259146 1
0.351965 1
2.522625 11
0.004320 88
0.280219 1
0.262316 1
0.262024 1
0.224158 1
0.124225 1
0.557695 1
0.218774 1
0.361779 4
0.588632 1
0.319114 1
0.159348 1
1.128495 1
0.214692 1
0.164059 1
0.219986 1
0.127802 1
0.426706 1
0.187280 1
0.243287 1
0.266755 1
3.177507 1
0.209146 1
0.164745 1
0.164971 1
0.269885 9
0.646408 11
0.004340 88
0.953386 19
0.280551 58
0.549019 1
0.511279 1
0.033569 1
0.203612 1
1.198946 13
0.121935 9
0.768782 11
0.001977 88
0.389469 15
0.298779 34
0.378898 1
0.607881 1
0.179033 1
0.283116 1
0.293830 13
0.131421 9
0.232531 1
0.219100 1
0.181925 1
0.160687 1
0.184112 1
0.164042 1
4.535141 25
0.464455 25
0.224328 25
0.551689 21
0.079266 21
0.116513 21
3.589243 11
0.002258 88
0.549895 19
0.409543 58
0.595968 1
0.212935 1
0.182489 1
0.169175 1
0.304915 13
0.069589 9
1.938215 2
0.000799 9
0.002345 88
0.671847 15
0.317823 34
0.243963 1
0.502123 1
0.033614 1
0.035692 1
0.026502 1
0.428264 3
0.343720 13
0.107320 9
0.214754 1
0.230402 1
0.151064 1
0.161740 1
0.153399 1
0.150709 1
0.453619 25
0.808679 25
0.399407 25
1.075089 21
0.243016 21
0.080646 21
3.797535 2
0.000485 9
0.000824 88
0.550145 19
0.209556 58
0.388670 34
0.375653 38
0.260874 1
0.165511 1
0.166286 1
0.155660 1
0.339918 13
0.080587 9
0.394954 11
0.000931 88
0.353579 15
0.194138 34
0.530883 1
0.201597 1
0.150945 1
0.142258 1
0.278655 13
0.096580 9
0.215953 1
0.162532 1
0.167893 1
0.152186 1
0.160873 1
0.142557 1
1.169746 25
0.686742 25
0.252813 25
0.749599 21
0.188029 21
0.075028 21
2.620750 11
0.003201 88
126.153317 1
0.188222 1
0.251411 1
0.099245 1
0.186195 1
12.214388 1
0.192567 1
0.125365 1
0.188373 1
0.074665 1
0.241365 1
1.142837 4
1.229336 1
0.414121 1
0.157021 1
0.244077 1
0.238024 1
2.644309 11
0.004365 88
0.533053 1
0.305392 1
0.186782 1
0.211545 1
0.075055 1
0.806093 1
0.420208 1
0.591716 1
0.160967 1
0.311247 1
0.272239 1
1.094069 1
0.315847 1
0.949088 1
2.316684 1
0.330088 1
1.503014 1
0.303116 1
0.345935 1
0.110354 1
0.196589 1
0.100816 1
0.616994 1
0.169032 1
0.084946 1
0.252345 1
0.254041 1
1.375822 2
0.000271 9
0.003878 88
1.311744 1
0.190655 1
0.215285 1
0.125755 1
0.189558 1
0.331029 1
0.463330 1
0.153451 1
0.205735 1
0.059282 1
0.785813 1
0.452044 1
0.287022 1
0.288343 1
0.248115 1
1.368063 11
0.002913 88
2.875120 1
0.269002 1
0.143645 1
0.191298 1
0.064596 1
1.026319 1
0.353960 1
0.380477 1
0.226697 1
0.251749 1
0.943734 1
0.226422 1
0.284348 1
0.218212 1
0.859290 1
0.997424 1
0.277220 1
0.949927 1
0.253876 1
0.357822 1
2.061578 1
0.189019 1
0.100028 1
0.184753 1
0.069164 1
0.645784 1
0.407651 1
0.140480 1
0.221672 1
0.264479 1
0.626783 2
0.000088 9
0.003080 8
0.000230 80
0.624774 1
0.280741 1
0.253283 1
0.105623 1
0.137417 1
1.802830 1
0.172861 1
0.102303 1
0.163721 1
0.079988 1
0.630298 1
0.301053 1
0.355892 1
0.261796 1
0.310994 1
1.250042 11
0.002678 88
0.363481 1
0.220973 1
0.174195 1
0.223427 1
0.074497 1
0.753577 1
0.275283 1
0.361357 1
0.290833 1
0.230480 1
1.258353 1
0.223408 1
0.256411 1
1.041826 1
2.088017 1
0.400035 1
0.099977 1
1.284359 1
0.179016 1
0.133619 1
0.711571 1
0.073763 1
0.434563 1
0.321158 1
0.139589 1
0.235755 1
0.287074 1
0.994072 11
0.004790 88
0.557927 1
0.234962 1
0.233611 1
0.112112 1
0.120479 1
0.462096 1
0.661020 1
0.126201 1
0.181947 1
0.106720 1
0.591594 1
0.277442 1
0.141222 1
0.240176 1
0.280844 1
0.559496 11
0.002873 88
0.365122 1
0.268324 1
0.157225 1
0.196207 1
0.091798 1
0.856587 1
0.444541 1
0.422672 1
0.128437 1
0.444689 1
1.108057 1
0.295933 1
0.340171 1
0.240527 1
0.222971 1
0.904840 1
0.602313 1
0.450217 1
0.117150 1
1.062799 1
0.274000 1
0.132341 1
0.233241 1
0.114422 1
0.377571 1
0.361059 1
0.209207 1
0.269258 1
0.292234 1
5.753514 11
0.002684 88
3.332206 85
0.023808 85
0.029572 85
0.029227 85
0.024974 85
0.025097 85
0.051379 85
0.027071 85
0.025646 85
0.051939 85
0.207975 85
0.029784 85
0.265940 85
243.145804 2
0.228620 2
0.211836 2
0.113127 2
0.101930 2
0.400362 4
0.171420 4
0.159304 4
0.146249 4
0.125223 4
0.721198 1
0.091142 1
0.210522 1
0.085239 1
0.101033 1
0.763325 1
0.175844 1
0.126617 1
0.176379 1
0.074233 1
0.465649 1
0.229308 1
0.118622 1
0.242490 1
0.345474 1
1.656765 11
0.016214 88
0.420037 1
0.298327 1
0.257134 1
0.202299 1
0.089942 1
0.807607 1
0.126916 1
0.156439 1
0.096649 1
0.206452 1
0.993877 1
0.194501 1
0.054168 1
1.416081 1
0.382852 1
0.210076 1
0.245364 1
0.300088 1
1.041450 11
0.009652 8
0.000019 80
1.735420 1
0.147363 1
0.202663 1
0.085366 1
0.117938 1
1.888638 1
0.156600 1
0.117372 1
0.164425 1
0.073368 1
0.166901 1
0.079429 1
0.239990 1
0.112958 1
0.230662 1
0.271424 1
1.680278 11
0.004222 88
0.330884 1
0.254861 1
0.151782 1
0.233106 1
0.047192 1
1.368960 1
0.164035 1
0.231034 1
0.510249 1
0.471268 1
0.216019 1
0.229195 1
0.189840 1
0.092579 1
0.360995 1
0.129193 1
0.256063 1
0.165807 1
0.247306 1
0.269841 1
1.778570 11
0.003352 88
0.768381 1
0.132813 1
0.216962 1
0.081840 1
0.117300 1
1.160531 1
0.198252 1
0.116452 1
0.180912 1
0.074317 1
4.254687 1
0.169569 1
0.275418 1
0.182667 1
0.238972 1
0.260857 1
0.659816 11
0.002315 88
4.813790 1
0.243197 1
0.147235 1
0.199937 1
0.089846 1
4.802950 1
0.069312 1
0.503559 1
0.090195 1
1.999455 1
0.218235 1
0.141414 1
0.199590 1
0.097086 1
0.217879 1
0.170873 1
0.134785 1
0.162370 1
0.234777 1
0.268508 1
331.456429 105
0.105523 105
0.038198 105
0.043831 105
0.061560 105
0.058454 105
0.095005 105
0.082268 105
4.897634 11
0.004110 88
8.022907 2
0.369277 2
0.563424 2
0.537214 4
0.197673 4
0.199946 4
0.739024 1
0.150200 1
0.356242 1
0.628031 1
0.239740 1
0.415430 1
0.296508 1
0.193606 1
0.173066 1
0.131655 1
0.134520 1
2.013643 1
0.140057 1
0.114823 1
0.210674 1
0.179269 1
0.191473 1
0.113242 1
0.199364 1
0.108876 1
0.201493 1
0.126499 1
0.089773 1
0.344183 11
0.010846 88
1.225624 1
0.248032 1
0.172732 1
0.212696 1
0.079054 1
0.480557 1
0.225308 1
0.316752 1
0.152920 1
0.882933 1
0.153436 1
0.182372 1
0.311733 4
0.221963 1
0.265827 1
0.374270 1
0.176868 1
0.117615 1
0.113188 1
0.252373 1
0.859670 11
0.003606 88
90.455386 1
0.256357 1
0.131592 1
0.141006 1
0.211785 1
0.100574 1
0.181690 1
0.220127 1
0.162683 1
0.118317 1
0.352193 1
0.884241 11
0.013872 2
1.553874 1
0.047056 1
0.209740 1
0.145538 1
0.158229 1
0.205592 1
0.074083 1
0.194917 1
0.241321 1
0.398421 3
0.253464 1
0.084077 1
0.391919 2
0.000215 2
3.328618 1
0.169197 1
0.229319 1
0.093417 1
0.127533 1
1.278885 1
0.306591 1
0.089745 1
0.144942 1
0.295257 1
0.120646 1
0.201818 1
0.109218 1
0.314736 1
0.115589 1
0.239015 1
0.229552 1
0.387707 2
0.010053 2
1.657844 1
0.158262 1
0.085554 1
0.162831 1
0.134081 1
0.938198 1
0.287576 1
0.072271 1
0.155373 1
0.200786 1
0.134528 1
0.107396 1
2.410608 2
0.008783 2
0.463555 1
0.111609 1
0.389989 1
0.188232 1
0.219006 1
1.502221 2
0.010338 12
0.001191 2
0.000032 125
0.001026 2
94.253831 1
0.322406 1
0.488612 1
0.159386 1
0.825449 2
0.002295 8
0.000177 80
55.717730 1
0.231188 1
0.677774 1
0.106391 1
0.595388 23
0.013094 86
1.229599 1
0.196035 1
0.150112 1
0.151258 1
3.192515 2
0.001376 9
0.000030 6
