0.012048 14
0.007435 86
2.234799 83
0.062638 83
0.089286 83
0.096407 83
39.420562 1
0.247102 1
0.484959 1
0.136213 1
0.119627 1
3.355912 1
0.200300 1
0.080110 1
0.208973 1
0.508908 1
0.420305 1
0.259881 1
0.122310 1
0.095815 1
0.215748 1
0.506199 1
0.332526 4
0.507597 4
0.032698 4
0.026375 4
0.172888 4
2.177848 1
0.122020 1
0.109266 1
0.185561 1
0.297239 1
4.111027 11
0.015261 86
2.045685 1
0.095914 1
0.221820 1
0.428501 1
0.075985 1
0.219071 1
0.240723 8
0.719295 4
0.378846 119
26.197688 1
0.132060 1
0.231731 1
0.122516 1
0.106213 1
0.623909 1
0.338134 1
0.207595 1
0.568051 1
0.250867 1
0.265232 1
0.887949 1
0.291114 1
0.303026 1
0.202400 1
0.224268 1
0.228087 1
3.534870 11
0.005288 108
243.833740 1
0.176944 1
0.183472 1
0.878064 20
0.561787 34
0.317364 30
0.222197 1
0.510323 1
0.032884 1
0.033415 1
0.014078 1
0.033860 1
0.030562 1
0.025207 1
0.029831 1
0.030624 1
0.255254 1
0.167548 1
0.379965 29
0.150623 29
0.137364 29
0.158055 29
0.136381 29
0.180505 25
0.243304 25
0.501618 25
0.380260 29
0.281828 25
0.485263 11
0.184407 407
0.008749 108
2.589945 1
0.157185 1
0.123446 1
0.123670 1
0.339416 1
0.148912 1
0.113586 1
0.145429 1
0.180785 1
0.140127 1
0.206057 1
0.100181 1
0.214519 1
0.186571 1
0.138261 1
0.127587 1
0.144383 1
0.208538 1
0.103341 1
0.214522 1
0.468414 11
0.033158 33
1.630783 2
0.024335 50
0.059754 114
0.004395 132
0.032519 134
0.107778 154
0.005873 63
0.000827 75
0.154792 97
0.001765 127
0.068693 79
0.000789 31
0.001929 62
0.000428 2
0.000873 27
0.039915 196
0.028640 251
0.530746 2
0.009911 33
0.313411 187
0.098116 42
0.000533 27
0.006620 189
0.056660 53
0.000056 208
0.000402 35
0.000283 33
0.000141 149
0.000960 4
0.082554 213
0.501677 55
0.502341 55
0.126830 252
0.333292 146
0.309740 16
0.038239 81
0.001025 3
0.000179 396
0.021052 44
0.025408 40
0.000042 3
0.000927 1
0.031638 40
0.000118 3
0.000044 1
0.022510 40
0.000121 3
0.000067 1
0.023416 43
0.000989 1
0.025959 40
0.000931 3
0.000035 1
0.023928 40
0.000118 3
0.000043 1
0.024303 40
0.000121 3
0.000045 1
0.023650 44
0.050246 184
0.002990 99
0.000124 64
0.000039 96
0.000063 2
0.021782 162
0.002864 111
0.049454 162
0.031239 99
0.008650 162
0.002412 113
0.074683 162
0.029733 94
0.007884 162
0.003422 106
0.070818 162
0.027578 81
0.007272 93
0.003086 162
0.003947 71
0.017467 162
0.030529 337
0.015119 128
0.000590 23
0.012323 141
0.001732 2
0.009788 72
1.483908 162
0.024118 67
0.008182 92
0.000218 2
0.000040 162
0.002815 64
0.039398 162
0.038985 78
0.003975 162
0.004242 162
0.002100 71
0.002221 162
0.001986 162
0.001801 78
0.005507 162
0.010050 162
0.002957 79
0.002100 162
0.015347 162
0.002558 71
0.002048 162
0.017752 164
0.003734 170
0.002529 168
0.002953 164
0.003361 168
0.002483 166
0.002318 174
0.002927 162
0.005871 74
0.000233 2
0.005532 162
0.019056 162
0.004935 92
0.021456 86
0.046534 90
0.009064 85
0.028438 82
0.690388 20
0.973871 108
0.393552 1
0.150028 1
0.122056 1
0.126974 1
0.191647 1
0.154911 2
0.000445 9
0.008030 11
0.000199 108
0.311913 5
0.398780 25
0.696775 39
0.807520 11
0.041144 221
0.000192 1901
0.000824 115
0.000692 1954
1.228543 21
0.000586 280
1.509252 31
0.376056 29
0.003845 29
0.256914 29
0.251411 29
0.127757 29
0.128822 29
0.504569 37
0.279155 37
0.155725 37
93.091617 37
0.178222 37
0.203640 37
0.139649 37
0.136725 1
0.465495 32
0.501999 39
1.314411 38
0.101707 134
0.917885 53
0.835936 53
0.863284 53
2.105542 21
0.000009 281
1.625721 38
0.100495 134
0.458156 21
0.003059 281
0.940474 38
0.387173 134
0.578061 46
0.460601 1
0.245054 1
0.190387 29
0.215713 29
0.156764 132
0.156142 47
1.039594 302
13.953409 32
0.070884 32
0.203157 39
0.200585 39
10.159034 32
0.184688 32
0.190727 32
0.150035 32
0.168507 33
0.164893 32
0.224685 32
13.733983 42
0.365663 37
1.183547 32
0.226483 32
0.197526 32
0.227680 32
0.285732 39
0.177617 39
0.158091 39
0.154694 39
0.286781 32
0.245063 32
0.091382 32
0.201167 32
0.079534 33
0.572849 42
0.502035 37
0.719876 32
0.509244 32
0.236897 32
0.969593 32
0.192512 33
2.760542 42
0.256278 37
3.208129 32
0.214533 32
0.177473 32
0.106840 32
0.400910 41
1.465081 32
0.267194 32
0.102875 32
0.111663 32
0.308806 33
0.193829 32
2.800548 32
11.465873 42
0.868727 32
0.226398 32
0.266132 32
0.126349 32
0.142323 33
0.198783 32
0.366766 44
23.985195 33
0.148439 33
0.186099 33
0.157182 33
0.106254 46
0.224875 33
1.068701 134
139.496430 29
0.176853 31
0.168896 28
0.238783 28
2.907386 200
0.663000 28
0.182586 28
0.209811 28
0.293459 208
0.233736 28
0.222573 28
0.194815 28
0.239963 208
0.671627 28
0.349428 28
0.687350 159
0.454253 28
0.205989 28
0.441919 28
0.286382 28
0.454894 126
0.289500 28
0.234447 32
0.294947 161
0.555506 186
3.659937 570
0.048733 705
0.043851 760
0.047394 887
0.079250 1014
0.425537 31
0.039796 28
0.035452 28
0.054424 29
3.674672 224
0.357318 224
0.527577 224
1.709513 28
0.244994 28
0.333224 28
22.119345 38
0.125614 134
0.655873 53
0.419723 52
1.441991 122
0.045661 23
0.000895 43
0.000009 90
0.029203 23
0.000145 43
0.000104 66
0.000030 23
0.000067 46
0.024639 24
0.000174 41
0.000906 57
0.000006 45
0.021922 24
0.000140 41
0.000042 24
0.000072 41
0.000093 69
0.021866 82
0.000068 41
0.021868 83
0.028572 48
0.331742 48
0.024339 48
0.000485 48
0.018883 24
0.000047 24
0.000031 24
0.000025 24
0.021681 24
0.000026 24
0.000048 24
0.000012 24
0.023006 24
0.000086 48
0.000009 24
0.030833 24
0.001470 24
0.000018 48
0.030771 24
0.000140 25
0.000088 24
0.000029 24
0.000188 48
0.049449 48
1.154654 4095
0.000123 1507
0.000078 2047
0.001096 2047
0.000026 996
1.338839 57
2.273079 23
0.001541 26
0.643026 1
0.133107 1
0.722342 34
0.012429 83
0.001795 21
0.000011 55
0.006303 108
2.274448 105
5.362716 105
0.055427 105
0.021070 105
0.016754 105
0.016333 105
0.017255 105
0.017970 105
0.016795 105
0.017251 105
0.016251 105
0.016885 105
0.016631 105
0.016384 105
0.016036 105
0.016782 105
0.017541 105
0.015917 105
0.016453 105
0.016177 105
0.016575 105
0.016024 105
0.016247 105
0.015732 105
0.016816 105
0.015940 105
0.018865 105
2.468386 1
0.311876 1
0.345744 1
4.478500 1
0.349602 1
0.232368 1
0.370888 1
0.723406 1
0.331550 1
0.237744 1
0.313935 1
0.295644 1
0.296616 1
0.252288 1
0.244193 1
0.721236 11
0.010058 120
0.000454 108
2.845584 105
0.011130 105
0.016900 105
0.012001 105
0.012324 105
0.012446 105
0.011956 105
0.033566 105
12.560558 15
0.204368 54
0.778845 2
0.000745 9
0.022195 706
0.014841 635
1.205034 291
0.566138 29
0.509836 28
0.032898 28
0.024412 28
0.031060 28
0.029556 28
0.027532 28
0.025016 28
0.031384 27
0.029145 27
0.033951 30
0.032500 27
0.034015 72
0.032956 119
0.017818 27
0.028619 27
0.032022 27
0.035094 27
0.024203 27
0.030010 1
2.682920 31
0.731782 1
1.131305 38
0.700166 119
0.289138 27
2.955141 31
0.181428 31
0.378389 31
0.063481 31
0.142231 32
0.168993 31
0.875973 119
0.447768 119
1.318072 119
0.471196 27
0.258690 27
0.422508 27
0.636437 27
1.211064 119
3.522737 31
0.198047 31
0.185326 31
0.200250 31
0.139475 32
0.110793 31
0.669835 32
0.018868 32
0.020928 1
0.516525 1
1.363574 4095
0.000286 273
11.643639 159
0.369111 159
0.423379 159
0.623246 32
0.490809 32
0.202379 32
0.189526 32
0.380043 39
0.126488 32
0.161345 33
0.067889 32
0.592895 33
0.207844 28
11.005932 159
0.731423 28
0.280453 28
0.266166 28
0.440761 28
0.248175 28
0.225798 28
0.340986 28
0.348472 28
0.246736 32
0.213032 29
0.221733 29
2.709284 29
0.506607 29
0.024148 29
0.026381 29
0.033838 29
0.033008 29
0.026541 29
0.026266 30
0.036523 29
0.171636 29
0.312345 1
0.229983 29
0.359438 31
0.201478 31
0.150720 31
0.122479 31
0.524795 44
0.675953 31
0.250903 41
0.165540 41
0.150504 41
0.150141 41
0.538283 33
0.221439 33
0.126718 33
0.154643 33
0.064551 46
0.629541 33
0.496141 124
0.503991 30
0.027023 29
0.037719 46
0.026391 124
0.165679 29
0.509902 29
0.030937 46
0.019658 124
0.032102 29
0.032037 29
0.035286 33
0.029877 33
0.019945 28
0.034056 28
0.034606 33
0.022078 33
0.038310 28
0.024664 28
0.030116 33
0.035049 1
0.616797 39
0.503278 40
0.030299 39
0.028736 39
0.032579 39
0.035258 39
0.483902 32
0.188421 32
0.159179 32
0.074726 32
0.183436 33
1.295514 33
0.252236 28
0.230791 28
0.312674 33
0.552952 40
0.638463 42
0.172150 43
0.151484 42
0.141029 42
0.153517 42
0.323311 42
0.784806 30
0.311512 39
0.257465 32
0.191320 32
0.149575 32
0.117569 32
0.148518 33
0.140861 32
0.176916 32
0.712533 33
0.510443 28
0.021168 28
0.037260 33
0.240603 34
0.245498 29
0.288071 29
0.490024 46
0.223795 1
0.538539 41
0.502823 41
0.144738 132
0.185163 41
0.174462 41
0.168934 41
0.214130 41
0.241403 33
0.205593 33
0.396880 33
0.229273 33
0.154708 46
0.081050 33
0.748262 33
2.690678 41
0.112664 47
1.053187 23
0.000206 26
0.397041 1
0.172953 1
0.640777 1
0.000541 33
0.012681 97
0.001366 7
0.000903 1
0.000292 54
0.001388 8
0.000033 100
0.567147 1
0.212443 1
0.400846 4
0.169082 4
0.263674 1
0.119496 1
0.093757 1
0.147841 1
0.193278 1
0.989334 11
0.002959 119
0.125529 1
0.164628 1
0.205620 1
0.820991 6
0.308029 20
0.491102 54
0.671500 11
0.001057 176
0.000126 108
17.469882 105
0.000118 105
13.114849 1
0.193728 1
0.239526 1
0.270031 18
0.456201 1
0.508180 1
0.032571 1
0.031209 1
0.023261 1
0.027449 1
0.030136 1
0.029371 1
0.028117 1
0.210933 1
0.181422 1
0.159748 1
0.590489 29
0.165899 29
0.149673 29
0.119021 25
0.193510 25
0.126906 25
0.491058 11
0.011831 14
0.000426 270
24.053691 15
0.685384 54
0.320599 1
0.509519 1
0.030322 1
0.021368 1
0.050351 1
0.011865 1
0.028528 1
0.030545 1
0.030497 1
0.029907 1
0.033301 1
0.031083 1
0.351652 3
0.846986 23
0.400532 1
0.651562 25
0.125798 25
2.550561 2
0.001595 9
0.000947 6
0.000377 373
0.000357 108
32.919970 18
0.249146 1
0.511056 1
0.019951 1
0.043448 1
0.025768 1
0.034538 1
0.019443 1
0.035084 1
0.021884 1
0.032162 1
0.031435 1
0.330233 1
0.433822 29
0.178042 29
0.164815 27
0.135976 29
0.136107 29
0.140960 29
0.128876 1
0.350177 25
0.142059 25
1.274902 11
0.010531 379
0.001977 108
63.932258 1
0.355201 1
0.250324 14
0.436215 60
0.463316 1
0.501038 1
0.031924 1
0.030305 1
0.027336 1
0.037421 1
0.029637 1
0.024108 1
0.029609 1
0.389647 1
0.192053 1
0.166852 1
0.535945 29
0.107644 25
0.731988 11
0.003611 14
0.000015 30
0.000009 4
0.000012 14
0.000010 2
0.000011 12
0.000010 4
0.000057 24
0.000016 2
0.000132 46
0.001179 108
24.687395 1
0.253911 1
0.191025 1
0.373415 1
0.692099 4
0.324609 1
0.388434 1
0.228639 1
0.293971 1
0.221627 1
0.447020 1
0.801837 4
0.223090 4
1.181576 4
0.315320 1
0.979100 1
0.377485 1
2.149698 1
1.644584 1
1.288481 1
0.880467 1
0.255257 1
0.601721 1
0.418964 1
0.232295 1
0.197212 1
0.227341 1
0.735326 1
0.226879 1
0.193866 1
0.239280 1
0.331723 1
6.849809 1
0.367859 1
0.250525 1
0.198543 1
0.167275 1
0.195566 1
0.252131 1
0.722562 1
0.088904 1
1.065347 11
0.008657 48
0.000008 45
0.000002 10
0.000003 8
0.000018 32
0.000006 21
0.000005 9
0.000004 14
0.000005 19
0.000004 2
0.000245 108
23.169749 1
0.109099 1
0.147141 1
0.194908 1
0.555818 1
0.258959 4
0.383173 1
0.211159 1
0.343595 1
0.848071 1
0.299177 1
0.122429 1
0.280789 1
0.256617 1
0.626579 1
0.190574 1
1.031934 1
0.342795 1
0.420642 1
0.980799 1
0.213888 1
0.227955 1
0.252237 1
0.284721 11
0.010608 38
0.000254 8
0.000241 100
24.772836 1
0.288234 1
0.248353 1
0.217820 1
0.726110 1
0.320895 1
0.260326 1
0.967219 1
0.238064 1
0.169222 1
0.247358 1
0.239831 1
0.650516 1
0.299019 1
0.501736 1
0.463400 1
0.368237 1
0.266605 1
0.191465 1
0.229602 1
0.225882 1
0.393758 2
0.004028 9
0.005029 2
0.000195 8
0.000062 2
0.000417 46
0.002119 8
0.000021 100
370.939853 1
0.273777 1
0.130998 1
0.191859 1
0.548725 1
0.368706 1
0.178280 1
1.023222 1
0.289633 1
0.195652 1
0.588041 1
0.314201 1
0.239255 1
0.156022 1
0.229197 1
0.258946 1
9.534998 11
0.012008 176
0.000581 108
8.659710 105
0.027356 105
0.007813 105
0.015557 105
0.023795 105
0.008625 105
0.015610 105
0.024129 105
0.008633 105
0.015141 105
0.008633 105
0.015243 105
0.009514 105
0.015338 105
0.009138 105
0.015321 105
0.010295 105
0.014391 105
0.010782 105
0.012908 105
0.010805 105
0.013432 105
0.010451 105
0.013475 105
0.010993 105
0.013275 105
0.011076 105
0.013974 105
0.009913 105
0.014082 105
0.010704 105
0.013660 105
0.024243 105
0.024091 105
0.024166 105
0.024070 105
0.010803 105
0.013452 105
0.026658 105
0.010206 105
0.028594 105
0.043105 105
3.164099 105
0.062316 105
0.080022 105
0.117092 105
0.341030 105
29.646974 16
0.402247 1
0.506748 1
0.032049 1
0.022693 1
0.036990 1
0.033719 1
0.019268 1
0.029156 1
0.030746 1
0.028511 1
0.037312 1
0.766855 23
0.063394 25
0.385876 23
0.575373 2
0.001129 9
0.001729 284
31.469074 1
0.228083 1
0.431260 1
0.101637 1
0.645563 17
