0.022767 14
0.007925 86
1.530813 1
0.168999 1
0.149962 1
0.163383 1
0.118916 1
0.173253 1
0.212958 1
4.161371 11
0.016418 33
1.457868 2
0.015785 78
11.976210 1
0.611083 4
0.338349 1
0.168247 1
0.112506 1
0.125810 1
0.129579 1
1.020289 1
0.252024 1
0.231685 1
0.608183 1
0.113490 1
0.215839 1
0.128227 1
0.586110 1
0.868204 1
0.353127 1
0.081332 1
0.241520 1
0.197726 1
0.181584 1
0.212784 1
0.140076 1
0.080886 1
0.222222 1
0.868711 1
0.332918 1
0.235276 1
0.202053 1
0.187755 1
0.284818 1
0.239041 1
0.174006 1
0.096887 1
1.621377 1
0.072796 1
0.174988 1
0.058120 1
3.170273 11
0.003821 78
0.426930 1
0.047082 1
1.071848 1
0.207431 1
0.204575 1
0.227860 1
0.317285 1
0.248737 1
0.416474 1
2.413862 1
0.016210 1
0.201361 1
0.187015 8
1.420527 1
0.187246 1
0.176990 1
0.225363 9
0.975547 123
2.865022 1
0.073306 1
0.166412 1
0.234531 1
0.227703 1
0.074481 1
1.904936 1
0.198653 1
0.144967 1
0.221477 1
0.202229 1
0.284950 1
0.297468 1
0.672391 1
0.232847 1
0.166128 1
0.192917 1
0.063290 1
0.256839 1
0.278441 1
0.129475 1
0.227046 1
0.254963 1
3.164790 11
0.005429 112
18.974506 1
0.258913 1
0.925774 1
0.258360 1
0.193264 1
0.166916 1
0.143549 1
2.485268 1
0.424890 1
0.282511 1
0.342207 1
0.257243 1
0.333867 1
1.235579 1
0.252466 1
0.193495 1
0.128112 1
0.164419 1
0.134660 1
0.115757 1
2.588853 1
1.296280 1
0.159076 1
0.922401 1
0.196683 1
0.119215 1
0.186996 1
0.048102 1
0.570596 1
0.208265 1
0.117898 1
0.229694 1
0.289819 1
1.349277 11
0.013348 112
0.333271 1
0.218108 1
0.228526 1
0.380639 1
0.187109 1
0.146726 1
0.117786 1
0.287843 1
0.167298 1
0.119149 1
0.183326 1
0.083238 1
0.226714 1
0.208378 1
0.128437 1
0.229697 1
0.219730 1
3.202920 11
0.014184 123
0.000289 104
17.835103 1
0.167638 1
0.178763 1
0.196867 1
0.229683 1
0.116324 1
0.125591 1
0.142397 1
0.091461 1
0.130298 1
0.488339 11
0.031668 144
19.536992 1
0.231011 1
0.181639 1
0.089651 1
0.157945 1
0.121902 1
0.239840 1
0.107322 1
0.307876 1
0.275861 1
0.193852 1
0.224071 1
0.257683 1
0.522793 11
0.037187 142
0.001174 83
0.000096 1566
0.003281 1843
1.952835 49
0.212082 48
0.637984 49
0.163802 48
0.550806 49
0.045818 48
0.098874 48
0.043647 48
0.107742 48
0.357068 49
0.034924 48
0.028091 48
0.035190 48
0.055629 48
0.061650 48
8.516210 62
0.539936 24
0.000625 40
0.213808 49
1.928742 270
0.796690 185
0.463268 28
3.142576 32
0.180626 32
0.186971 32
0.153251 32
0.247036 33
0.214708 32
0.052040 32
4.886118 39
0.102099 17
0.001523 89
23.188250 48
0.329099 1
0.096496 1
0.527217 32
0.016991 162
0.000931 144
25.768663 1
0.239975 1
0.309408 1
0.151097 1
8.546275 4
0.167080 4
0.165714 4
0.135662 4
0.165765 1
0.224142 1
0.090533 1
0.154011 1
0.100481 1
0.204432 1
0.148107 1
0.396181 11
0.008552 36
2.577436 2
1.661979 73
9.786083 2
1.519912 37
0.000970 36
2.043212 2
2.070082 73
0.003680 144
1.791523 1
0.386827 4
0.261163 1
0.216143 1
0.200738 1
0.142916 1
0.330521 17
0.001360 112
4.304010 1
0.132741 1
0.540420 1
0.212251 1
0.329549 1
0.080044 1
0.230548 1
0.879181 1
0.410848 1
0.121365 1
0.201884 1
0.325542 1
0.220710 1
0.929979 1
0.402815 4
0.155266 1
0.119473 1
0.184663 1
0.084872 1
0.643046 1
0.244477 1
0.133053 1
0.223373 1
0.249403 1
1.442071 11
0.016871 112
0.682715 1
0.218764 1
0.416983 1
1.039548 1
0.341554 1
0.165160 1
0.314892 1
2.934495 1
0.174975 1
0.129934 1
0.175768 1
0.063460 1
0.182240 1
0.209608 1
0.111654 1
0.241506 1
0.231380 1
1.072868 1
0.498987 1
0.908055 1
0.230824 1
0.217094 1
0.219025 1
0.512915 1
0.195367 1
0.164801 1
0.176183 1
3.293381 1
0.630333 1
0.164545 1
0.558750 1
0.225994 1
0.244203 1
0.255668 1
1.048290 1
0.260256 1
0.251460 1
0.107139 1
0.295594 1
2.879969 1
1.391020 4
1.667738 148
0.022890 148
0.028817 148
0.026575 148
0.026167 148
0.026775 148
0.024512 148
0.026514 148
0.025045 148
0.025652 148
0.025920 148
0.025266 148
0.031821 148
0.023717 148
0.027702 148
0.026000 148
0.042882 148
0.037503 148
0.054249 148
0.309859 148
0.934655 3
2.815304 156
0.088561 156
0.906859 156
5.013880 1
0.237507 1
0.152028 1
0.198748 1
0.114945 1
1.631267 1
0.206216 1
0.140919 1
0.239033 1
0.261476 1
0.422024 11
0.005398 112
36.326573 1
0.129739 1
0.246612 1
0.174199 1
0.190664 1
0.567236 1
0.407947 1
0.247855 1
0.454607 1
0.243737 1
0.198629 1
0.217264 1
0.197400 1
1.276081 1
0.336692 1
0.195352 1
0.157141 1
1.192942 1
0.170699 1
0.136378 1
0.219169 1
0.073250 1
0.201748 1
0.252268 1
0.252868 1
0.277941 1
0.332462 1
0.635864 1
0.171240 1
0.138454 1
0.193505 1
0.084651 1
0.225534 1
0.262378 1
0.278001 1
0.233215 1
0.268593 1
0.610628 11
0.013114 112
15.654901 1
0.218506 1
0.241006 1
0.241920 1
0.158803 1
0.259465 1
0.707517 1
1.428676 1
0.200107 1
0.173561 1
0.219984 1
0.128381 1
0.231207 1
0.512144 4
0.129118 1
0.435288 1
0.203154 1
0.254371 1
0.267853 1
0.246043 1
0.163741 1
0.163545 1
0.209530 1
0.078694 1
0.205794 1
0.291795 1
0.184018 1
0.251768 1
0.267519 1
0.393553 1
0.190176 1
0.184054 1
0.194240 1
0.091578 1
0.204107 1
0.249349 1
0.206490 1
0.246474 1
0.257612 1
2.667486 11
0.002844 457
2.364120 109
0.030153 109
0.025798 109
0.042368 109
0.008283 109
0.036947 109
0.014533 109
0.096678 109
0.073203 109
0.064868 109
0.027263 109
18.295506 1
0.212668 1
0.205286 1
0.204043 1
0.143590 1
0.132936 1
0.113515 1
0.168072 1
0.278982 1
0.319876 1
0.548318 1
0.173117 1
0.445866 1
0.336858 1
0.764846 1
0.330350 1
0.111275 1
0.122724 1
0.187732 1
0.139788 1
0.237957 1
0.229279 1
0.753379 1
0.636662 1
0.408603 1
0.203593 1
0.797259 1
0.160375 1
0.210413 1
0.170682 1
0.285534 1
0.461369 1
0.357086 1
0.089078 1
0.189442 1
0.243081 1
0.171823 1
0.378720 1
0.142223 1
0.157418 1
0.258522 1
0.305139 1
0.286112 1
0.296095 1
0.257623 3
0.194257 1
0.205035 1
0.266994 1
0.193604 1
0.047267 1
0.257014 1
0.192853 1
0.187059 1
0.128643 1
0.343980 1
2.031639 2
0.001275 9
0.012761 95
0.000991 112
6.895713 55
3.533186 1
0.399471 1
0.348609 3
0.313637 3
6.282888 171
0.025871 171
0.025011 171
0.021323 171
0.022092 171
0.021093 164
0.020665 164
0.021947 164
0.022518 164
0.024875 164
0.050448 164
0.016129 164
48.981079 1
0.504146 1
0.029159 1
0.029438 1
0.030423 1
0.027178 1
0.035122 1
0.026342 1
0.028191 1
0.030173 1
0.034684 1
0.025309 1
0.029836 1
0.030570 1
0.042087 1
0.017865 1
0.035259 1
0.031993 1
0.024956 1
0.028690 1
0.032571 1
0.027761 1
0.033738 1
0.024834 1
0.042183 1
0.022885 1
0.031357 1
0.030527 1
0.025961 1
0.027009 1
0.030570 1
0.032373 1
0.033268 1
0.031435 1
0.023521 1
0.031542 1
0.038554 1
0.021899 1
0.029960 1
0.034705 1
0.021986 1
0.375518 1
0.368056 5
0.717245 2
0.000069 9
0.002917 8
0.000759 104
2.087398 1
0.195725 1
0.208311 1
0.212968 1
0.180955 1
0.183768 1
0.190108 1
0.977670 1
0.188885 1
0.198339 1
0.146223 1
0.251289 1
0.609689 1
0.257268 1
0.069764 1
0.197281 1
0.179056 1
0.184392 1
0.170618 1
0.182741 1
0.131941 1
0.242251 1
0.266686 1
0.249748 1
0.476426 1
0.210213 1
0.173779 1
0.161895 1
0.237937 1
0.204240 1
0.074224 1
0.262649 1
0.145559 1
0.179905 1
0.126166 1
0.318984 1
4.477413 11
0.001880 222
0.000080 8
0.000256 104
30.650181 1
0.213680 1
0.130719 1
0.105710 1
0.238661 1
0.121778 1
0.135274 1
0.155689 1
0.109832 1
0.128738 1
2.417415 11
0.026729 144
1.096306 1
0.223102 1
0.377158 1
0.811108 1
0.170319 1
0.159064 1
0.696430 1
0.192758 1
0.152646 1
0.098082 1
0.125856 1
0.172729 1
0.124946 1
0.102176 1
0.211201 1
0.693747 2
0.000036 9
0.024363 144
9.856045 1
0.232964 1
0.111018 1
0.252018 1
0.379894 4
0.167537 4
0.208115 4
0.265969 4
0.375990 1
0.223145 1
0.208107 1
0.080580 1
0.113948 1
1.296931 1
0.325825 1
0.186444 1
0.129047 1
0.260967 1
0.811530 1
0.570881 1
0.059826 1
0.228592 1
0.208793 1
0.182235 1
0.434213 1
0.218111 1
0.096487 1
0.219400 1
0.238313 1
0.278186 1
0.674869 1
0.103386 1
0.266051 1
0.173101 1
0.214112 1
0.170614 1
0.121622 1
0.108163 1
0.212171 1
0.209017 1
0.191612 1
0.335375 1
0.255940 1
0.489120 1
0.308615 1
0.175945 1
0.254158 1
5.440701 1
0.316255 1
0.075471 1
0.217075 1
0.209052 1
0.193815 1
0.222245 1
0.147530 1
0.121506 1
0.184225 1
0.298967 1
0.652655 1
0.225246 1
0.188769 1
0.162157 1
0.132664 1
0.257879 1
0.197935 1
0.092570 1
0.675954 1
0.035360 1
0.175971 1
0.086225 3
1.353530 1
0.334718 1
0.196346 1
0.189765 1
0.064056 1
0.746695 1
0.302548 1
0.151120 1
0.238763 1
0.243983 1
0.484011 11
0.003593 144
2.025042 141
0.027079 141
0.011340 141
0.023424 141
0.011274 141
0.011527 141
0.025260 141
0.025313 141
0.046676 141
0.059431 141
0.084920 141
0.072588 141
0.074822 141
60.247563 1
0.104238 1
0.233955 1
0.243419 1
0.265587 1
0.308909 1
1.239383 1
0.161854 1
0.127704 1
0.205614 1
0.093216 1
0.269113 1
0.434433 1
0.194201 1
0.239968 1
0.263963 1
1.239757 11
0.006557 67
0.000015 144
8.659000 1
0.350261 1
1.879232 1
0.218374 1
6.112697 17
0.001295 144
2.287525 1
0.318987 1
0.592592 1
0.239818 1
1.081634 11
0.001159 6
0.003099 8
0.000052 104
17.284259 1
0.214144 1
0.231056 1
0.199257 1
0.160024 1
0.142433 1
0.133701 1
0.267540 1
0.181586 1
0.202173 1
0.169172 1
0.102671 1
1.085183 1
0.097844 1
0.651817 1
0.096657 1
1.110154 1
0.381181 1
0.148844 1
0.242635 1
0.301656 1
12.344577 11
0.003461 446
0.000120 104
26.661118 1
0.157651 1
0.152888 1
0.289212 1
0.179644 1
0.391508 1
0.923880 1
0.314555 1
0.136664 1
0.165044 1
0.254188 1
0.678109 1
0.320971 1
0.059138 1
0.259302 1
0.281319 1
0.189576 1
0.161367 1
0.360022 4
0.180946 4
0.129387 4
0.090803 1
0.168263 1
0.242216 1
0.117992 1
0.065074 1
0.202393 1
0.572946 1
1.837976 1
0.513262 2
0.000140 9
0.011680 112
28.138092 1
0.211673 1
0.293693 1
0.106844 1
0.373580 11
0.001550 6
0.006096 8
0.000025 78
0.385410 1
0.194601 1
0.784268 1
0.085714 1
0.585146 17
