0.019084 14
0.009005 86
5.511073 1
0.096963 1
0.228256 1
0.258750 1
0.080303 1
0.246749 1
0.204575 1
0.175408 1
0.203558 1
0.138143 1
0.105240 1
0.182322 1
0.677878 1
0.706968 1
0.721153 11
0.000631 108
1.129941 1
0.078075 1
0.414078 1
0.477684 1
1.099669 1
0.673585 1
0.251159 1
1.233921 1
0.274805 1
0.210793 1
0.176446 1
0.119575 1
0.367297 1
0.585231 1
0.179061 1
0.222395 1
0.263942 1
1.094006 11
0.005487 108
12.287422 1
0.206810 1
0.286705 1
0.005465 1
0.858389 1
0.176480 1
0.233423 1
0.141243 1
0.365385 1
0.675177 1
0.234326 1
0.949964 1
0.322223 1
0.398961 1
1.051769 1
0.239891 1
0.215242 1
0.177484 1
0.177449 1
0.561480 1
0.312000 1
0.151555 1
0.234349 1
0.258730 1
1.015874 11
0.006341 33
1.839666 2
0.023183 8
0.000012 100
14.073091 1
0.064097 1
0.531014 4
0.114082 1
0.527148 1
0.330937 1
0.162894 1
0.184565 1
0.602494 1
0.268513 1
0.208912 1
0.155624 1
0.142929 1
0.450138 1
0.293772 1
0.149497 1
0.214437 1
0.253378 1
5.739926 11
0.010351 34
0.000393 8
0.000082 100
27.062493 1
0.238444 1
0.321410 1
0.350091 1
0.278334 1
0.214203 1
0.154107 1
0.161254 1
0.663000 1
0.375219 1
0.158373 1
0.234551 1
0.246462 1
0.193067 11
0.024644 80
0.000030 49
0.000059 163
0.001392 65
0.000934 18
0.000026 1712
0.003037 115
0.000009 166
0.001189 1910
4.145811 24
0.000149 40
0.597507 64
1.684361 22
0.000045 768
1.012427 118
0.643815 41
3.167105 176
1.774132 39
0.101519 17
0.000022 118
2.344263 48
1.397569 1
0.223337 1
0.336228 1
0.000025 529
0.001199 127
20.855868 68
0.517572 24
0.000068 25
0.942573 22
0.000113 24
0.861333 1
0.757216 1
0.000279 621
0.000156 127
2.175123 23
0.000035 43
0.458859 46
0.475081 1
0.483568 1
0.550981 1
0.003451 20
0.000349 14
0.000225 69
0.000995 108
2.326177 1
0.101694 1
0.201734 1
0.178335 1
0.169767 1
0.152329 1
0.111096 1
0.466260 1
0.311005 1
0.121830 1
0.242209 1
0.274307 1
0.735336 1
0.300459 1
0.106327 1
0.181046 1
0.290377 1
0.080654 1
0.133970 1
0.113182 1
0.593954 1
0.144903 1
0.218147 1
0.252885 1
0.245044 11
0.012159 128
0.000063 100
4.251638 1
0.110057 1
0.142765 1
0.168900 1
0.203497 1
0.157747 1
0.096830 1
0.336255 1
0.277748 1
0.121281 1
0.224674 1
0.234140 1
0.227970 11
0.002603 203
24.321586 1
0.167082 1
0.083280 1
0.156917 1
0.399432 1
0.168585 1
0.164704 1
0.136373 1
0.227974 1
0.166031 1
0.197332 1
0.608831 1
0.240217 1
0.259246 1
1.359133 1
0.212545 1
0.221377 1
0.159894 1
0.160951 1
0.966711 1
0.390350 1
0.252022 1
0.367168 4
0.101680 1
0.232061 1
0.256701 1
0.961994 11
0.012319 108
0.469692 1
0.123699 1
0.461646 1
0.294622 1
0.162608 1
0.190363 1
2.131484 1
0.345015 1
0.183227 1
0.174854 1
0.631004 4
0.172906 4
0.156018 4
0.140705 4
1.600325 1
0.243190 1
0.206472 1
0.175271 1
0.126108 1
0.574751 1
0.341480 1
0.189168 1
0.250308 1
0.255617 1
1.026174 2
0.002115 9
0.002755 142
14.057243 1
1.150477 4
8.280590 1
0.228651 1
0.297693 1
0.153357 1
1.491249 2
0.000017 9
0.000039 4
0.001374 2
