0.008010 14
0.006348 108
9.617711 1
0.139686 1
0.154002 1
0.246776 1
0.228117 1
0.448496 1
0.190798 1
0.831874 1
0.257433 1
0.291183 1
0.289561 1
0.236150 1
0.213277 1
0.216768 1
0.183221 1
0.209808 1
0.171362 1
0.396626 1
0.173741 1
0.199362 1
0.116464 1
0.095209 1
0.758651 1
2.281268 11
0.011968 108
18.431808 23
1.528668 1
0.186690 1
0.220467 1
1.034552 1
0.188854 1
0.157027 1
0.196765 1
0.275600 1
7.162016 2
0.000258 9
0.001572 8
0.000074 100
11.930233 1
0.064755 1
0.401195 4
0.151167 4
0.328598 1
0.081901 1
0.264301 1
0.417647 1
0.250512 1
0.296868 1
0.191342 1
0.080886 1
0.197367 1
0.237985 1
0.656465 1
0.286177 1
0.204302 1
0.250566 1
3.995994 1
0.295017 1
0.310646 1
0.457835 1
0.174670 1
0.228872 1
0.242476 1
0.289550 1
0.274199 1
0.472684 1
0.276485 1
0.158799 1
2.417266 11
0.004285 108
11.915860 1
0.096430 1
0.265296 1
0.226869 1
0.189293 1
0.532336 1
0.226655 1
0.875381 1
0.208086 1
0.232396 1
0.152513 1
0.130069 1
0.184174 1
0.196827 1
0.139484 1
0.141295 1
0.192743 1
0.070219 1
0.714191 1
0.301530 1
0.136205 1
0.086137 1
0.326166 1
1.432159 11
0.002098 108
10.361008 1
0.113665 1
0.242455 1
0.288687 1
0.111078 1
0.179079 1
0.254082 1
0.692304 1
0.177529 1
0.141558 1
0.096955 1
0.127501 1
0.171277 1
0.120224 1
0.099902 1
0.716229 1
0.911149 2
0.000034 9
0.004406 353
0.001309 8
0.000115 100
32.662455 1
0.213225 1
0.235927 1
0.102605 1
2.474399 11
0.003238 6
