0.023043 96
2.684009 2
0.097151 2
0.303282 4
0.181882 4
0.575726 1
0.128430 1
0.169150 4
0.177618 4
1.847891 46
0.179372 215
0.166702 95
0.182531 45
0.463389 101
0.375740 14
0.406472 20
0.389087 14
0.398963 26
0.497018 35
0.467799 30
2.536495 35
0.861677 12
0.445735 14
0.452264 18
0.205301 12
0.490355 12
0.226745 14
1.393874 11
0.040350 25
0.022439 1034
0.000016 1030
0.000048 763
0.530378 28
0.002513 8
0.000039 88
0.795361 12
0.192711 58
0.408997 215
0.368238 95
0.226024 45
0.207285 101
0.214566 14
0.197973 20
0.179823 14
0.186405 26
0.583619 35
0.236116 12
0.211583 14
0.802433 18
0.446973 11
0.043536 25
0.012268 2041
0.681366 28
0.002484 96
0.346927 10
0.165169 14
0.171549 58
0.166205 215
0.177625 95
0.430284 45
0.476901 101
0.605410 14
0.572515 20
0.444250 14
0.653798 26
0.555448 35
1.251304 11
0.030873 25
0.020752 1102
0.496093 28
0.002778 96
0.372012 10
0.200022 12
0.173364 14
0.163300 58
0.170804 215
0.180001 95
0.183427 45
0.176957 101
0.180695 14
0.175760 20
0.176489 14
0.164567 26
0.173835 35
0.169749 12
0.182092 14
0.836716 18
0.218648 12
0.435503 30
3.197114 1
0.669540 1
0.040379 1
0.040220 1
0.048040 1
0.043093 1
0.052071 1
0.041484 1
0.039260 1
0.041290 1
0.039397 1
0.044184 1
0.041015 1
0.194648 1
0.199399 1
0.330638 5
0.681046 5
0.040269 5
0.045695 5
0.308718 5
0.824923 3
0.664733 3
0.044713 3
0.046861 3
0.040080 3
0.044758 3
0.048800 3
0.047393 3
0.039377 3
0.040155 3
0.048882 3
0.038854 3
0.041092 3
0.048194 3
0.045854 3
0.467422 1
1.129833 11
0.001636 51
0.000610 96
1.167087 16
0.380897 1
0.668542 1
0.043124 1
0.037891 1
0.047810 1
0.044146 1
0.043108 1
0.042059 1
0.048693 1
0.039706 1
0.056097 1
0.038572 1
0.040751 1
0.048515 1
0.040456 1
0.050381 1
0.612196 5
0.233105 9
0.113140 5
0.125922 5
0.185154 5
0.899253 11
0.026738 42
6.087479 2
0.068487 96
28.597065 1
0.197428 1
0.565448 4
0.659690 1
0.747303 1
0.272000 1
0.336655 1
0.187410 1
0.267481 1
0.109246 1
0.828803 4
0.347219 4
0.226046 1
0.199621 1
0.211699 1
0.124385 1
7.559745 11
0.017896 14
7.755108 2
0.000047 18
3.532767 4
0.000049 55
0.000088 2
0.001250 96
2.527421 1
1.204593 1
0.112282 1
0.111677 1
0.122011 1
0.144085 1
0.145386 1
1.316203 11
0.032645 46
5.707782 1
0.101816 1
0.206391 1
0.204160 1
0.525825 1
0.188723 1
0.122384 1
0.092294 1
3.616857 1
0.160176 1
0.206273 1
0.096803 1
0.134945 1
0.157229 1
0.127284 1
0.134001 1
11.704438 11
0.013632 100
0.001128 8
0.000133 38
4.114746 1
0.800661 1
0.194322 1
0.193366 1
0.246209 1
0.179629 1
0.133284 1
0.157409 1
0.557783 1
0.284190 1
0.250873 1
1.015119 1
0.187940 1
0.196604 1
0.326422 1
0.301244 1
0.254172 1
0.273322 1
0.135103 1
0.111324 1
2.761332 11
0.003948 69
0.000536 8
0.000198 38
2.687636 20
0.429728 1
0.241518 1
0.283476 1
0.206134 7
0.526600 11
0.005381 21
0.000065 91
0.000479 46
72.069816 1
0.267536 1
0.170306 1
0.149565 1
0.253926 17
0.016470 8
0.004509 88
0.387331 1
0.206563 1
0.156195 1
0.159335 1
0.522361 11
0.000079 6
