0.007076 14
0.009160 108
9.283785 1
0.368839 1
1.059392 1
0.206516 1
0.155816 1
0.093533 1
0.184504 1
0.327618 1
0.084979 1
0.124415 1
0.411442 1
1.479691 1
0.250234 1
0.462676 1
0.232095 1
0.159490 1
0.225859 1
0.290849 1
0.401253 1
0.139449 1
0.224014 1
0.293689 1
0.694630 11
0.009746 108
50.571674 1
0.268781 1
0.145335 1
0.122034 1
0.122501 1
0.139717 1
0.201061 1
0.317237 1
0.123755 1
0.108960 1
0.329438 1
0.313811 1
0.228454 4
0.134664 1
0.210048 1
1.269094 1
0.298170 1
0.141940 1
0.228184 1
0.284206 1
0.183933 1
0.143298 1
0.224205 1
0.238551 1
0.201814 1
0.199437 1
0.216711 1
0.204010 1
0.201671 1
0.241888 1
0.221245 1
0.275641 1
1.349481 11
0.003145 108
1.190471 1
0.295820 1
0.371384 4
0.086053 1
0.190276 1
0.156476 1
0.241173 1
0.255220 1
1.308543 1
0.219478 1
0.189587 1
0.189953 1
0.148442 1
0.359664 1
0.214333 1
0.276447 1
0.710240 1
0.246072 1
0.163824 1
0.102098 1
0.156372 1
0.150988 1
0.130993 1
0.069560 1
3.064251 1
0.348718 1
0.206439 1
0.508931 1
0.197226 1
0.146411 1
0.210146 1
0.301605 1
0.468367 1
0.161274 1
0.214903 1
0.230893 1
25.925432 11
0.004184 130
0.000401 108
65.541205 1
0.311969 1
0.193713 1
0.207137 1
0.121873 1
1.363686 1
0.207447 1
0.150911 1
0.099921 1
0.164115 1
0.233014 1
0.135026 1
0.087050 1
0.525062 1
0.227828 1
0.191920 1
0.314326 1
0.192478 1
0.105684 1
0.190665 1
0.245090 1
0.915951 1
0.308513 1
0.229110 1
0.170594 1
3.669042 2
0.000852 9
0.003337 108
0.422535 1
0.080635 1
0.975466 1
0.249083 1
0.243288 1
0.191611 1
1.555536 1
0.162390 1
0.140372 1
0.099421 1
0.133960 1
0.105406 1
0.209530 1
0.386888 4
0.901612 1
0.078433 1
1.793745 1
0.315685 1
0.208791 1
0.261954 1
0.207423 1
0.099483 1
0.199619 1
0.271335 1
0.613379 1
0.316541 1
0.205030 1
0.109523 1
22.884297 11
0.001035 95
0.000043 100
18.523288 1
0.086525 1
0.831587 4
0.395082 1
0.506286 1
0.183288 1
0.127075 1
1.368107 1
0.149414 1
0.149676 1
0.115714 1
0.170672 1
0.126293 1
0.145840 1
0.085060 1
1.118906 1
0.141659 1
0.148003 1
0.125169 1
0.301993 1
0.505056 11
0.005097 108
19.775735 1
0.063006 1
0.509794 1
0.162561 1
0.329239 1
0.211812 1
0.140530 1
0.095699 1
0.139222 1
0.102074 1
1.596502 11
0.002831 84
0.000339 2
0.000451 108
0.526553 1
0.098777 1
1.103805 1
0.221392 1
1.008857 1
0.693438 1
0.218084 1
0.137044 1
0.119759 1
0.139667 1
0.149955 1
0.269617 1
0.194130 1
0.163813 1
0.116202 1
0.287954 1
0.387563 1
0.075465 1
0.496156 4
0.162612 4
0.132426 1
0.214141 1
0.083824 1
2.171468 11
0.003834 108
0.000046 87
0.000007 2
0.000006 63
0.000734 108
36.666865 1
0.222164 1
0.189084 1
0.088361 1
0.236823 1
0.238086 1
0.383683 1
1.029707 1
0.261019 1
0.229346 1
0.291969 1
0.654263 1
0.314247 1
0.091953 1
0.177374 1
0.188513 1
0.092424 1
0.249550 1
0.263134 1
0.402966 1
63.025909 11
0.016656 47
0.001091 2283
0.024995 2277
3.802221 47
0.056781 46
0.043117 46
0.049226 46
0.069715 46
0.192742 46
0.032577 46
0.048836 46
0.247440 47
0.046335 46
6.642676 298
0.245166 30
0.487290 36
0.575943 28
0.569311 28
2.362545 27
0.352936 28
0.166987 28
0.140572 28
0.156122 28
0.086514 28
0.122395 30
0.892078 37
0.183583 36
0.170947 36
0.096343 28
0.178950 28
0.117453 30
0.122705 29
4.706515 40
0.148447 133
1.308188 47
0.534380 1
0.146769 1
7.743766 21
0.000510 18
0.013843 134
0.000999 14
0.000877 7
0.000126 1
0.000041 2
0.000034 23
0.000025 29
0.003838 108
140.445740 1
0.204196 1
0.194249 1
0.201005 1
0.249025 1
0.211537 1
0.227559 1
0.229173 1
0.447346 1
0.200514 1
0.259985 1
0.319765 1
0.335271 4
0.425224 1
0.254657 1
0.183850 1
0.181303 1
0.182400 1
32.994262 11
0.044369 80
0.001389 105
0.002986 65
0.000025 2076
0.007428 2447
2.938312 45
0.360565 1
0.350464 1
0.002554 20
0.000462 14
0.000020 40
0.000162 29
0.010122 108
89.594416 105
0.022659 105
0.020168 105
0.019939 105
0.020818 105
0.021989 105
0.021181 105
0.020799 105
0.052209 105
0.023530 105
0.022350 105
0.137330 105
0.044651 105
0.016971 105
0.045610 105
58.841055 1
0.344249 1
0.327050 4
0.164390 4
0.612928 1
0.316339 1
0.749891 1
0.263735 1
0.275804 1
8.793285 1
1.163334 1
0.914729 1
0.168195 1
0.581254 4
0.172491 4
1.219822 1
0.179984 1
1.510298 1
0.190852 1
0.098042 1
0.129148 1
0.254463 1
0.237060 1
0.221729 1
1.128008 1
0.112392 1
0.136943 1
0.124981 1
0.100438 1
0.135356 1
0.094219 1
0.119341 1
0.646712 11
0.004851 41
0.008782 114
0.000983 8
0.000052 100
20.644518 1
0.267159 1
1.266927 11
0.002873 223
0.000725 108
34.565900 1
2.668468 1
0.423161 1
1.102377 1
0.736670 1
0.293760 1
5.059909 1
0.226490 1
0.279202 1
0.212182 1
0.253776 1
0.610375 1
0.249086 1
0.242945 1
0.248126 1
0.234659 1
1.430078 1
0.593345 1
0.471229 4
0.458292 1
0.146683 1
0.224523 1
0.213248 1
0.175966 1
0.210860 1
0.163423 1
0.140292 1
0.144483 1
0.094337 1
0.136809 1
0.526294 1
0.179481 1
0.067524 1
0.338837 1
0.241808 1
0.182913 1
0.203020 1
0.156500 1
0.122243 1
0.208060 1
0.262788 1
0.212677 1
0.089534 1
0.218218 1
0.241191 1
0.423396 11
0.013169 183
55.928750 1
0.344356 1
0.299510 1
0.793887 1
0.218053 1
0.152837 1
0.108386 1
0.111181 1
0.148840 1
0.101891 1
0.118374 1
0.644029 1
0.258031 1
0.195499 1
0.198878 1
0.180281 1
0.427126 1
0.280558 1
0.204826 1
0.165468 1
0.123539 1
0.197285 1
0.209269 1
0.256492 1
0.719383 11
0.025031 47
0.000813 216
0.003155 2771
0.012901 3166
1.921774 49
0.062376 48
2.175711 22
0.000217 22
0.156905 45
0.118331 44
1.196794 303
0.718692 31
0.167929 29
0.158358 29
0.162179 29
0.182043 29
0.195020 28
0.399608 29
0.154397 29
0.095784 31
0.121332 30
0.094989 30
60.675775 41
0.111053 18
0.001798 119
0.890161 49
0.259065 1
0.172132 1
15.936063 21
0.000374 22
0.007104 824
4.448970 310
1.056977 49
0.323403 1
1.230371 1
0.000076 621
0.000166 129
4.109677 47
0.628785 1
0.495731 1
0.253059 1
0.001592 32
0.000024 77
0.018983 64
0.000013 2
0.006118 2
0.000052 194
5.542972 47
0.000641 2740
1.786544 49
0.742964 1
0.172894 1
0.248299 1
0.000025 20
0.001429 24
0.000074 822
1.176888 310
1.209561 29
0.755591 73
0.906281 29
0.310235 29
0.945897 1
0.264355 1
0.179691 1
0.204617 1
0.000023 33
0.001613 77
0.014478 67
0.006853 196
4.154728 47
0.000595 2752
0.000397 25
1.645488 56
0.252968 50
0.738437 25
0.000471 42
0.228667 25
0.001746 26
0.351853 67
0.932866 25
0.000168 42
0.910329 307
0.325237 41
0.500921 41
0.031490 39
0.030471 39
0.028180 39
0.032865 39
0.363630 28
0.391628 37
0.179834 37
0.159112 37
0.164859 37
0.165069 37
0.560784 39
0.105868 135
1.003900 48
0.406317 1
0.239435 622
0.004955 127
1.523363 22
0.000187 23
0.338051 46
0.814016 23
0.106022 58
0.634497 46
0.901376 1
0.290503 1
0.325018 33
0.000044 29
0.000037 2
0.000745 46
0.003603 66
0.000272 196
7.572039 2094
0.000508 695
0.000084 6
1.465796 22
0.000541 26
0.762527 1
0.992083 29
0.112563 1
0.096277 1
0.335584 21
0.001510 22
0.000191 824
1.352281 295
1.125478 22
0.000064 6
0.578272 48
0.241363 1
0.387400 29
0.172415 1
0.273149 1
0.517088 110
0.003549 66
0.000193 196
29.218801 85
0.888169 29
0.193489 29
0.136821 1
0.392546 1
0.788655 1
0.006290 89
0.000724 8
0.000025 100
10.513686 1
0.170558 1
0.112299 1
0.257290 1
21.811602 4
0.249518 4
0.827692 4
0.286032 4
5.099383 1
0.197407 1
0.240825 1
0.161352 1
0.329287 1
29.689549 4
0.189378 4
0.161822 4
0.149195 4
0.128632 4
0.241961 1
0.128758 1
3.533951 4
0.183828 4
0.064119 1
0.086541 1
0.342958 1
0.157140 1
0.163854 1
0.113337 1
0.377218 4
0.156823 4
0.493348 1
0.218374 3
0.554522 1
0.923983 1
0.176275 1
0.054285 1
0.233150 1
0.441793 4
1.023044 4
0.501490 4
0.029583 4
0.029426 4
0.036590 4
0.023652 4
0.033052 4
0.027555 4
0.029629 4
0.029912 4
6.883393 1
0.077295 1
0.272097 11
0.004105 223
0.000320 108
1.711792 1
0.090403 1
0.190317 1
0.157039 1
0.111496 1
0.111841 1
0.157628 1
0.271321 1
0.147971 1
0.064094 1
0.312135 11
0.001232 124
9.058882 1
0.119868 1
0.208681 1
0.446563 4
0.249927 1
0.059513 1
0.311428 1
0.436024 1
0.237171 1
0.236607 1
0.319478 1
0.329071 1
0.158180 1
0.220279 1
0.212999 1
0.650754 11
0.011746 8
0.000026 116
13.804126 1
0.087569 1
2.701536 1
0.497452 1
0.287953 1
12.626745 11
0.000324 108
0.597582 1
0.079853 1
1.045107 1
0.260503 1
0.173449 1
0.302984 97
9.333525 1
0.288729 1
1.005513 1
0.241810 1
0.053118 1
0.222737 1
0.841685 1
0.188087 1
0.235086 1
0.114049 1
0.102091 1
0.184504 1
0.259907 1
0.498812 1
0.228496 1
0.161966 1
0.111157 1
0.139374 1
0.221990 1
0.127137 1
0.092289 1
1.882903 1
0.245022 1
0.169818 1
0.225115 1
0.484701 1
0.111683 1
0.213341 1
0.224715 1
2.233499 1
0.286386 1
0.167239 1
0.097361 1
0.659509 1
0.379128 1
0.118595 1
0.155314 1
0.186455 1
0.133146 1
0.199003 1
0.227107 1
0.203006 1
23.419422 11
0.002082 86
0.815894 1
0.274384 1
0.715669 1
0.208965 1
0.240410 1
2.014992 1
0.201716 1
0.052452 1
0.213070 1
0.300351 1
0.537367 1
0.347959 1
0.189572 1
0.128485 1
0.263359 1
0.330649 1
1.170195 1
0.262121 1
0.134944 1
0.111301 1
0.154842 1
0.111901 1
0.715938 1
0.075021 1
1.746017 1
0.319744 1
0.187702 1
0.058268 1
0.451124 1
0.116091 1
0.207020 1
0.260275 1
0.744248 1
0.269499 1
0.258410 1
0.080037 1
0.295363 1
0.329084 1
0.854744 4
0.171939 4
0.564907 1
0.216984 1
0.317227 1
0.136383 1
0.399218 1
0.249537 1
0.196491 1
0.187431 1
2.406368 11
0.002552 86
1.796450 1
0.126493 1
4.084635 1
0.242438 1
0.249606 1
0.223328 1
1.350469 1
0.292459 1
0.144997 1
0.068719 1
0.615973 1
0.286883 1
0.107470 1
0.161328 1
0.178860 1
0.074470 1
0.197226 1
0.219464 1
0.188177 1
2.260426 1
0.219981 1
0.106963 1
0.092105 1
0.474353 1
0.214320 1
0.607809 1
0.281731 1
0.731877 1
0.257709 1
0.224905 1
0.180853 1
1.402345 1
0.197248 1
0.052102 1
0.255705 1
0.254437 1
0.200455 1
0.208751 1
0.206424 1
0.165177 1
0.215191 1
0.237074 1
0.328015 1
7.048707 1
0.216364 1
0.135982 1
0.162561 1
0.411972 1
0.125090 1
0.100666 1
0.872514 1
3.111362 1
0.156759 1
0.069285 1
0.336494 1
0.174228 1
0.200803 1
0.261055 1
0.855150 11
0.003546 61
0.001077 273
31.626239 1
0.498402 1
0.257817 1
0.366769 4
0.185241 4
0.293233 1
0.229485 1
0.381643 1
0.205110 1
0.247422 1
0.223920 1
0.161274 1
0.204946 1
0.276156 1
0.631817 1
0.295147 1
0.080393 1
0.161123 1
0.181597 1
0.104002 1
0.204595 1
0.230401 1
0.200295 1
0.469941 1
0.404330 1
0.439407 1
0.210904 1
0.385333 1
0.167668 1
0.234795 1
0.241612 1
1.168855 1
0.239774 1
0.199811 1
0.262010 1
0.232364 1
0.146353 1
0.198083 1
0.273021 1
11.522628 1
0.278966 1
0.330032 1
0.287879 1
0.317629 1
0.308843 1
0.243467 1
0.646858 4
1.209076 1
0.196769 1
2.595089 1
0.212813 1
0.100069 1
0.113508 1
0.122647 1
0.677981 1
0.220277 1
0.190900 1
0.063632 1
0.567877 1
0.818691 1
0.112108 1
0.262707 1
0.196602 1
0.309529 1
0.332581 1
0.220017 1
0.196318 1
2.154648 1
0.271485 1
0.121461 1
0.139279 1
0.820940 1
0.281028 1
0.264199 1
0.339163 1
0.383300 1
0.697280 1
0.782436 4
0.442478 1
0.250022 1
0.229332 1
6.954663 4
0.506378 4
0.023958 4
0.045713 4
0.014051 4
0.033375 4
0.028221 4
0.028500 4
0.029873 4
0.029496 4
0.031076 4
0.033363 4
0.030063 4
0.030124 4
0.030762 4
0.024830 4
0.035221 4
0.028092 4
0.028704 4
0.030276 4
0.032206 4
0.033094 4
0.028589 4
0.024918 4
0.041462 4
0.023926 4
0.030449 4
0.030790 4
0.030652 4
0.022317 4
0.032226 4
0.027744 4
0.038259 4
0.030327 4
0.028908 4
0.031754 4
0.031819 4
0.021632 4
0.026923 4
0.031589 4
0.031897 4
0.033520 4
0.025702 4
0.027283 4
0.040580 4
0.033677 4
0.016699 4
0.036087 4
0.027037 4
0.031474 4
0.024484 4
0.034285 4
0.026195 4
0.039853 4
0.033249 4
0.017325 4
0.029090 4
0.053572 4
0.006548 4
0.031229 4
0.028815 4
0.028569 4
0.031047 4
0.040380 4
0.030480 4
0.023762 4
0.036950 4
0.033435 4
0.034833 4
0.017045 4
0.023042 4
0.030323 4
0.030062 4
0.030573 1
0.029606 1
0.031500 1
0.027658 1
0.030226 1
0.029805 1
0.033763 1
0.026599 1
0.029616 1
0.033611 1
0.029299 1
0.205337 1
0.089988 1
0.371936 1
0.194531 1
0.074483 1
0.219289 1
0.284150 8
1.024245 119
1.627944 84
0.000160 1
0.796396 181
0.000926 17
0.010587 346
0.000152 100
7.817842 1
0.054127 1
0.413854 1
0.182585 1
0.320964 4
0.115958 1
0.164934 1
0.095080 1
0.171749 1
0.155107 1
0.146835 1
0.087168 1
0.418461 135
0.413417 10
0.348063 83
0.781925 11
0.002698 114
0.000214 2
0.000057 4
0.000034 45
0.000034 56
0.000084 2
0.000045 4
0.000076 53
0.000037 56
0.000107 2
0.000028 46
0.000041 56
0.000050 6
0.000091 108
0.000026 53
0.000070 56
0.000345 2
0.000954 124
3.813072 1
0.515747 4
8.917105 73
0.433256 133
0.197794 1
0.182445 1
0.058348 1
0.209141 1
0.302815 1
0.140044 1
0.304468 11
0.000454 108
0.235419 1
0.037215 1
0.340046 1
0.196521 1
0.137462 1
0.338589 2
0.000379 95
0.349509 5
0.249613 78
1.391966 11
0.004571 442
0.002618 86
18.006069 1
0.200635 1
0.244056 1
0.130836 1
2.781970 17
