0.032749 14
0.031157 86
0.427663 1
0.058554 1
0.906592 1
0.626190 1
0.050388 1
0.192650 1
0.176250 1
0.598892 7
0.454042 119
1.075084 1
0.185793 1
0.244703 1
3.749480 1
0.475054 1
0.614692 1
0.208233 1
0.106929 1
0.485860 1
0.261077 1
0.211057 1
0.214261 1
0.220673 1
0.183792 1
0.241940 1
0.976389 1
0.127101 1
0.298746 1
0.217344 1
0.171300 1
0.181062 1
0.223541 1
0.797414 1
0.255772 1
0.300785 1
0.082386 1
0.197827 1
0.101955 1
0.222834 1
0.338537 1
0.194781 1
0.217912 1
0.188494 1
0.281818 1
1.300208 2
0.861115 2
0.566394 2
0.205663 2
0.218075 2
0.145922 2
0.105820 2
0.194732 2
0.095851 2
1.219765 11
0.011073 14
0.001683 89
0.000022 108
18.170125 2
0.266384 2
0.259389 2
0.968823 4
0.177362 4
0.139012 4
0.543685 1
0.222364 1
0.191204 1
0.165202 1
0.142588 1
0.541616 1
0.232908 1
0.320850 1
0.181184 1
0.205886 1
0.186179 1
0.208743 1
0.195501 1
0.205062 1
0.173950 1
0.203771 1
0.282285 1
0.216304 1
0.316263 1
0.188673 1
0.240959 1
0.286728 1
0.276618 1
0.471935 1
0.265253 1
0.303652 1
0.280227 1
0.264685 1
0.164072 1
0.224321 1
0.275580 1
0.455052 11
0.012838 8
0.000090 100
21.517529 1
0.184011 1
0.201526 1
0.116195 1
0.119084 1
0.475332 1
0.207165 1
0.090494 1
0.184172 1
0.221624 1
0.147191 1
0.139396 1
0.236209 1
1.007873 1
0.202251 1
2.533978 1
0.091586 1
0.150088 1
1.729648 2
0.003867 9
0.002585 8
0.000636 100
0.443735 1
0.061611 1
0.353215 1
0.204453 1
0.097598 1
0.192504 1
0.916132 10
1.083585 11
0.000024 8
0.000213 126
2.726821 1
0.242179 1
0.339580 1
0.197088 1
0.248175 1
0.270452 1
0.551349 1
2.027586 1
0.918155 1
1.094007 1
2.295414 1
0.348657 4
0.127193 1
0.963985 1
0.422972 1
0.482714 1
0.236172 1
0.187016 1
0.591568 1
0.239699 1
0.117010 1
0.308814 1
0.237531 1
0.168185 1
0.238709 1
0.483875 1
9.027210 11
0.000582 134
1.066021 1
0.195846 1
0.287080 1
0.216061 1
0.788536 1
0.324338 1
0.414692 1
0.583661 1
0.265719 1
0.256500 1
0.254860 1
0.743956 1
0.484170 1
0.251969 1
0.213668 1
0.361447 1
0.471780 4
0.124061 1
0.154601 1
0.190164 1
0.110969 1
0.367270 1
0.217563 1
0.158201 1
0.140132 1
0.091433 1
0.702742 145
4.699354 24
0.938992 1
0.510525 1
0.031172 1
0.032040 1
0.016991 1
0.029740 1
0.029071 1
0.034486 1
0.025632 1
0.030437 1
0.033883 1
0.414942 1
0.206675 1
0.447709 5
0.142966 5
0.204972 3
0.203569 3
0.152466 3
0.144713 3
0.145486 3
0.140331 3
0.141811 3
0.154054 3
0.154453 3
0.607898 13
0.324486 9
4.945085 11
0.005415 134
0.362553 24
0.347977 1
0.509934 1
0.023876 1
0.027020 1
0.041091 1
0.027168 1
0.027408 1
0.024173 1
0.030205 1
0.031863 1
0.033031 1
0.033721 1
0.226257 1
0.318748 5
0.100544 5
0.262599 3
0.511506 3
0.019909 3
0.028382 3
0.043392 3
0.017985 3
0.029248 3
0.183156 3
0.232050 3
0.454664 13
0.106091 9
0.241212 3
0.175231 3
0.142185 3
0.136786 3
0.292962 1
1.794125 145
0.593621 1
0.158453 1
0.527730 1
0.205216 1
0.118749 1
1.785311 1
0.174089 1
0.127047 1
0.196167 1
0.079446 1
0.220491 1
0.222191 1
0.382004 1
0.631108 4
0.359971 1
0.258451 1
0.213058 1
0.978522 11
0.011533 134
1.865771 1
0.169298 1
0.662452 11
0.004065 80
0.000141 126
4.431867 1
0.236217 1
0.236955 1
0.468374 1
0.264787 1
0.425120 1
0.431672 1
0.219125 1
0.295388 1
0.112350 1
0.204056 1
0.161275 1
0.130985 1
0.198334 1
0.176995 1
0.101089 1
0.217502 1
0.148898 1
0.273760 1
0.219375 1
0.490672 1
0.545285 1
0.283640 1
0.186460 1
0.242051 1
0.284988 1
0.493312 1
0.306288 1
0.324719 1
0.587106 1
0.960196 4
0.287250 1
0.154491 1
0.254732 1
1.053338 1
0.484069 1
0.699872 1
0.317656 1
0.172994 1
0.201997 1
0.173808 1
81.586369 1
0.406893 1
0.293368 1
0.324745 1
0.367016 1
0.266718 1
2.673282 11
0.003831 11
0.000041 45
0.000799 134
37.247957 1
0.225377 1
0.228184 1
0.227744 1
0.156806 1
0.453770 1
0.287539 1
0.182388 1
0.484542 1
0.147607 1
0.242085 1
0.186527 1
0.233891 1
0.233686 1
0.186300 1
0.086610 1
0.135069 1
0.139778 1
0.236694 1
0.228907 1
0.415691 1
0.408746 1
0.164804 1
0.416200 1
0.326419 1
0.325601 1
0.377874 1
0.172746 1
0.173252 1
0.216414 1
0.469155 1
0.693640 1
0.218642 1
0.747635 1
1.034331 1
0.102901 1
0.131315 1
0.079802 1
0.600273 1
1.246415 11
0.002814 65
0.000861 139
0.000052 134
7.445447 39
0.300196 1
0.183921 1
0.501517 1
0.029623 1
0.031127 1
0.029733 1
0.030191 1
0.029963 1
0.052395 1
0.005898 1
0.029847 1
0.037275 1
0.028191 1
0.374434 3
2.889659 3
0.253644 3
0.378402 3
0.534216 5
1.056685 11
0.004509 22
0.001577 8
0.000142 126
2.591659 131
0.003580 131
31.615303 131
0.000062 131
1.139621 1
0.176859 1
0.634709 1
0.390261 1
1.985992 1
0.397374 1
0.094010 1
0.120775 1
0.193920 1
0.246198 1
0.329270 1
0.263923 1
0.179941 1
0.099864 1
0.298307 1
0.241403 1
0.169953 1
0.257270 1
0.304142 1
2.634058 11
0.013683 134
0.916865 1
0.164320 1
0.279812 1
0.253781 1
0.153447 1
0.201551 1
0.208374 1
0.675279 1
0.266516 1
0.173029 1
0.078564 1
0.533518 1
0.221479 1
0.208562 1
0.249749 1
0.185229 1
0.075709 1
0.291037 1
0.325429 1
0.204243 1
0.242881 1
0.316314 1
0.318140 2
0.000917 9
0.015154 8
0.000179 126
0.486647 1
0.323342 1
0.255425 1
0.236846 1
0.190198 1
0.306747 1
0.376603 1
0.266331 1
0.360737 1
0.444601 1
0.208103 1
0.689027 1
0.196537 1
0.238366 1
0.099968 1
0.246532 1
0.150140 1
0.256604 1
0.238747 1
0.145093 1
0.137514 1
0.224652 1
1.226188 1
0.190033 1
0.216540 1
0.354701 1
0.262575 1
0.265651 1
0.175537 1
0.101165 1
0.645561 1
0.180675 1
0.149681 1
0.238941 1
0.257063 1
0.241302 1
0.144571 1
0.217616 1
0.170108 1
0.124114 1
0.280578 1
0.188746 1
0.132260 1
0.667118 1
0.232039 1
0.150076 1
0.215276 1
0.305152 3
1.646908 303
0.013950 134
0.738925 1
0.201087 1
0.171744 1
0.095904 1
0.148079 1
0.238365 1
1.025840 1
0.176041 1
0.261395 1
0.538919 1
0.240641 1
0.193678 1
0.111669 1
0.399947 4
0.162362 4
0.138686 4
0.369313 1
0.207449 1
0.128515 1
0.601281 1
0.308534 1
0.114422 1
0.967673 1
0.271294 1
0.219488 1
0.229841 1
0.125936 1
0.137480 1
0.233600 1
7.212220 11
0.010794 4095
0.000240 4095
0.000041 2310
0.001109 134
7.921431 131
0.002431 131
40.027687 131
1.707288 1
0.448689 1
0.218230 1
0.273119 1
1.004904 1
0.244047 1
0.180384 1
0.120445 1
0.164541 1
0.223814 1
0.107968 1
0.917216 1
0.146047 1
0.217590 1
0.230742 1
0.112241 1
0.122515 1
0.231647 1
1.534573 11
0.012779 4095
0.000354 4095
0.000103 2444
32.264516 1
0.240487 1
0.215988 1
0.286173 1
0.399152 1
0.124319 1
0.298470 1
0.179949 1
0.886526 1
0.210025 1
0.217189 1
0.313865 1
0.236617 1
80.220765 1
0.551098 4
0.509136 4
0.026281 4
0.030781 4
0.025496 4
0.033056 4
0.025780 4
0.030323 4
0.029893 4
0.029764 4
0.031022 4
0.040417 4
0.019358 4
0.034340 4
0.026572 1
0.028127 1
0.031513 1
0.029928 1
5.660310 1
0.614021 1
0.215153 1
0.165595 1
0.849723 4
0.173724 4
0.146779 4
0.142874 4
0.227954 1
0.064344 1
0.212985 1
0.112977 1
0.122470 1
0.242470 11
0.000872 108
0.283717 1
0.292923 4
0.146145 1
0.067394 1
0.219452 1
0.111351 1
0.144849 1
0.271020 19
0.001993 78
0.190440 1
0.187770 1
0.118785 1
0.149531 1
0.452112 17
