0.014798 86
6.788378 91
2.732647 146
0.001539 11
0.000036 140
36.036427 305
2.274054 276
0.509205 4
0.022310 4
0.034359 4
0.039638 4
0.036448 4
0.010264 4
0.029462 4
0.028215 4
0.030602 4
0.033213 4
0.027827 4
0.029515 4
0.042987 4
0.031138 4
0.015183 4
0.036097 4
0.028771 4
0.026959 4
0.029187 4
0.029801 4
0.029690 4
0.033450 4
0.031372 4
0.026966 4
0.045822 4
0.016699 4
0.031816 4
0.022554 4
0.030104 201
0.031626 4
0.033727 4
0.032302 4
0.031815 4
0.026502 4
0.036112 4
0.018513 4
0.040718 4
0.025832 4
0.033131 4
0.020453 4
0.030782 4
0.035640 4
0.034032 4
0.028313 4
0.022213 4
0.036854 4
0.032157 4
0.030972 4
0.030795 4
0.018356 4
0.030658 4
0.032967 4
0.027091 4
0.039485 4
0.024960 4
0.032834 4
0.029308 4
0.027697 4
0.030374 4
0.025408 4
0.028708 4
0.032199 4
0.033172 4
0.029956 4
0.036850 4
0.023856 4
0.032131 4
0.032547 4
0.026945 4
0.030255 4
0.023824 4
0.029857 4
0.029645 4
0.030964 4
0.032506 4
0.025887 4
0.045333 4
0.015535 4
0.032980 4
0.031785 4
0.034435 4
0.025666 4
0.025061 4
0.029178 4
0.036468 4
0.026995 4
0.036900 4
0.023253 4
0.035281 4
0.025139 4
0.034626 4
0.021136 4
0.030094 4
0.030246 4
0.033560 21
0.027052 4
0.030576 4
0.034422 4
0.024464 4
0.036570 4
0.024081 489
0.030310 4
0.031038 4
0.027379 4
0.031930 4
0.033493 4
0.028806 4
0.028643 4
0.030700 4
0.035981 4
0.022893 4
0.033359 4
0.030605 4
0.026890 4
0.028851 4
0.032896 4
0.033410 4
0.030389 4
0.029338 4
0.031432 4
0.030108 4
0.031864 4
0.019184 4
0.031352 4
0.032518 4
0.027554 4
0.033427 4
0.033981 4
0.020318 4
0.043600 4
0.017012 4
0.034664 4
0.026395 4
0.032872 4
0.025691 4
0.029967 4
0.031776 4
0.032950 4
0.025151 4
0.030306 4
0.032870 4
0.033007 4
0.036540 4
0.020955 4
0.032407 4
0.026792 4
0.028257 4
0.033757 4
0.026047 4
0.033597 4
0.039579 4
0.015700 4
0.029981 4
0.033435 4
0.034153 4
0.030512 4
0.021326 1
0.030956 1
0.029476 1
0.030772 1
0.031629 1
60.888151 102
1.308633 315
76.888706 83
0.030725 83
0.008886 83
0.011627 83
0.017291 83
0.017367 83
0.017074 83
0.016836 83
0.017126 83
0.016844 83
0.018382 83
0.017908 83
0.017214 83
0.017765 83
0.018595 83
0.016605 83
0.024246 83
0.044122 83
0.554829 83
31.211103 146
1.260037 328
219.970959 86
2.861953 152
0.000030 9
0.019052 33
0.000019 34
0.000058 78
49.279332 28
1.422845 49
0.140955 135
0.005733 86
12.361493 1
0.121441 1
0.110915 1
0.114200 1
0.070897 1
0.140585 1
0.095950 1
0.143278 1
0.156271 1
0.186236 1
0.184293 1
0.168889 1
0.276018 1
0.180031 1
0.078957 1
0.138722 1
0.194401 1
0.521383 1
0.090040 1
0.131221 1
0.079813 1
0.634806 11
0.036701 33
1.595806 2
0.030610 50
0.047526 114
0.004797 132
0.032744 134
0.106250 154
0.006953 63
0.001361 75
0.217739 79
0.001342 8
0.036723 196
0.027479 208
0.005038 33
0.502428 33
0.158170 162
0.002572 142
0.337995 16
0.028744 109
0.023432 40
0.000486 399
0.022888 44
0.025423 44
0.026989 44
0.021857 44
0.023421 44
0.022708 44
0.022556 44
0.026350 44
0.023210 44
0.052943 259
0.000035 308
0.007788 50
0.016426 154
0.039150 55
0.000099 2
0.007360 154
0.003935 154
0.004641 82
0.570113 20
0.918794 86
3.357987 21
0.590130 44
0.661909 2
0.000034 9
0.012347 90
0.000015 70
0.000008 2
0.000008 22
0.000007 2
0.000007 22
0.000006 2
0.000870 86
19.432934 28
0.894708 39
0.504446 1
0.033159 1
0.023474 1
0.040295 1
0.031335 1
0.032759 1
0.014152 1
0.030279 1
0.032105 1
0.028116 1
0.037845 1
0.029613 1
0.023886 1
0.035857 1
0.023390 1
0.226959 3
0.396040 3
0.538290 5
0.240471 5
0.852658 2
0.000463 9
0.005111 189
0.000024 24
0.000061 8
0.000013 78
12.566132 19
0.695078 21
0.509940 1
0.019483 1
0.040086 1
0.024889 1
0.189986 1
0.737422 3
0.333374 15
0.131419 11
0.282091 3
0.220724 3
0.159518 3
0.156045 3
0.146470 3
0.356050 4
0.158598 4
0.153950 4
0.125656 4
0.176537 1
0.234315 1
0.108359 1
0.179761 1
1.271698 11
0.003924 221
0.000092 78
1.966336 83
0.000302 83
420.762352 49
1.567645 115
0.000068 125
7.481163 35
0.433890 101
0.000014 9
0.000289 103
49.134879 63
0.622302 127
0.000051 2
0.000016 9
0.000148 130
8.467455 1
0.143726 1
0.140571 1
0.246981 1
0.083293 1
0.133893 1
0.159761 1
0.393116 11
0.001416 1362
25.770618 1
2.527104 1
0.255294 1
3.333532 11
0.000927 42
0.000380 116
1.098160 1
1.386905 1
0.574240 1
0.710465 11
0.000285 131
113.954375 62
0.785178 126
0.000008 52
0.000034 2
0.000523 8
0.000049 78
162.557451 1
0.144918 1
0.111090 1
0.147028 1
0.209595 1
0.693777 11
0.007878 11
0.000172 8
0.000036 78
1.931232 19
0.970129 31
0.043911 25
0.028531 1347
1.304239 551
0.020764 550
0.006184 110
0.000082 110
0.000092 330
0.017910 110
0.000027 33
0.000008 77
0.000021 33
0.000078 297
0.019235 110
0.000015 33
0.000043 77
0.000009 330
0.021049 33
0.000061 110
0.000073 407
0.018337 110
0.000015 33
0.000018 77
0.000016 33
0.000018 77
0.000025 33
0.000008 187
0.034349 110
0.000031 33
0.000028 77
0.000024 33
0.000038 77
0.000031 33
0.000037 77
0.000048 33
0.000041 77
0.017642 33
0.000022 77
0.000020 33
0.000015 77
0.000005 33
0.000019 77
0.000014 33
0.000022 77
0.000017 33
0.002267 77
0.023313 33
0.000022 77
0.000019 33
0.000061 77
0.000081 33
0.000010 297
0.044268 33
0.000039 77
0.000015 33
0.000062 110
0.000030 77
0.000078 33
0.000021 187
0.388871 33
0.000050 3
0.000008 108
0.000024 81
0.000017 2
0.000011 106
0.000008 3
0.000015 2
0.000012 106
0.000008 20
0.000015 2
0.000015 106
0.000006 69
0.000017 75
0.019867 33
0.000139 5
0.000012 661
0.018750 33
0.000043 153
0.000048 76
0.000020 36
0.000022 76
0.000005 185
0.001873 2
0.000007 477
0.020730 635
0.029771 750
0.079464 865
0.088530 148
0.000277 574
0.084988 41
0.000149 87
0.000021 560
0.035785 33
0.000024 34
0.000009 2
0.000012 85
0.000016 33
0.000014 8
0.000010 2
0.000011 85
0.000013 33
0.000017 85
0.000008 2
0.000010 85
0.000013 33
0.000013 8
0.000008 2
0.000010 85
0.000011 33
0.000022 144
0.037553 65
0.000081 128
0.000010 120
0.000069 57
0.000111 420
0.028508 33
0.000041 147
0.000015 8
0.000014 119
0.000007 45
0.000020 119
0.000030 155
0.000012 33
0.000007 24
0.000013 2
0.000005 84
0.029739 41
0.000027 119
0.000029 131
0.000017 33
0.000022 20
0.000007 119
0.000029 94
0.000025 33
0.000009 205
0.000020 86
0.014485 33
0.000041 78
0.000051 33
0.000033 77
0.000103 33
0.000032 220
0.000016 77
0.038283 33
0.000024 77
0.000020 33
0.000010 77
0.000025 33
0.000010 187
0.000009 33
0.000008 77
0.127744 33
0.002463 3
0.000050 75
0.000271 605
0.029234 33
0.000020 3
0.000009 2
0.000010 73
0.000151 135
0.000041 111
0.000076 230
0.000041 112
0.015811 262
0.000041 112
0.000051 261
0.000032 112
0.000054 291
0.019757 139
0.000089 112
0.000075 126
0.000075 146
0.000072 112
0.014407 134
0.000042 187
0.000035 188
0.000034 112
0.000031 129
0.019166 248
0.000041 240
0.000034 112
0.000041 128
0.000033 137
0.019096 112
0.000216 185
0.000107 181
0.000086 112
0.000122 300
0.023116 120
0.000033 120
0.000027 120
0.000028 120
0.000028 120
0.035639 120
0.000048 120
0.000033 120
0.000032 120
0.000032 120
0.347420 601
0.021832 120
0.000324 480
0.013741 600
0.020107 600
0.030409 600
0.015996 600
0.036754 600
0.625411 618
0.000047 8
0.000019 94
0.027124 33
0.000080 28
0.000030 94
0.000029 33
0.000050 8
0.000111 127
0.000045 174
0.000045 102
0.000046 33
0.000031 31
0.000038 2
0.000024 92
0.023969 41
0.000026 127
0.000033 127
0.000016 33
0.000022 8
0.000016 127
0.000008 31
0.000024 127
0.000025 10
0.000076 92
0.008610 33
0.000034 34
0.000037 2
0.000022 125
0.000019 8
0.000025 2
0.000025 125
0.000012 85
0.000031 94
0.000021 33
0.000018 8
0.000021 94
0.000023 33
0.000018 57
0.000015 94
0.017734 33
0.000048 32
0.000047 127
0.000058 102
0.000047 33
0.000031 57
0.000037 94
0.000075 33
0.000049 8
0.000036 127
0.000013 85
0.000035 2
0.000012 92
0.014330 60
0.000073 306
0.000020 126
0.000028 162
0.000013 33
0.000012 24
0.000009 93
0.015893 33
0.000023 8
0.000010 2
0.000009 91
0.000012 33
0.000014 45
0.000008 2
0.000009 91
0.000012 33
0.000015 20
0.000017 2
0.000009 124
0.000021 101
0.000016 33
0.000007 205
0.000008 2
0.000012 91
0.028590 33
0.000121 85
0.000006 117
0.000027 33
0.000023 84
0.000024 33
0.000022 84
0.000027 117
0.042545 585
1.441737 751
0.081814 36
0.000054 2
0.000038 113
0.000029 27
0.000035 82
0.000029 33
0.000111 3
0.000021 438
0.045470 33
0.000031 153
0.000020 83
0.000014 33
0.000004 3
0.000055 768
0.038572 63
0.000026 116
0.000006 3
0.000016 2
0.000013 114
0.000025 17
0.000093 355
0.059333 33
0.000028 25
0.000210 727
0.047357 172
0.000023 116
0.000020 131
0.000009 83
0.000009 33
0.000013 3
0.000010 116
0.000008 19
0.000019 116
0.000025 111
0.050389 927
0.053374 33
0.000079 121
0.000068 120
0.000030 87
0.000014 33
0.000070 120
0.000019 87
0.078175 33
0.000087 87
0.000016 33
0.000086 120
0.000017 87
0.000090 120
0.000023 33
0.000095 87
0.397696 720
0.358784 61
0.000034 696
0.265657 723
0.125417 827
0.076956 613
0.002050 212
0.060604 33
0.000105 27
0.000046 94
0.000152 134
0.000119 171
0.000119 195
0.000829 150
0.074831 134
0.000211 171
0.000112 146
0.000104 134
0.000144 331
0.114819 118
0.000099 33
0.000063 84
0.000114 117
0.000104 117
0.000126 117
0.250589 118
0.000177 633
0.045023 36
0.000012 2
0.000010 80
0.000019 33
0.000007 27
0.000011 2
0.000009 113
0.000008 3
0.000010 82
0.000012 33
0.000004 121
0.000020 2
0.000005 200
0.034945 33
0.000013 1040
0.049010 33
0.000022 30
0.000009 2
0.000008 81
0.000151 33
0.000040 3
0.000015 133
0.000005 116
0.000021 39
0.000009 114
0.000008 3
0.000002 83
0.074153 58
0.000140 2
0.000017 725
0.041445 33
0.000033 139
0.000026 2
0.000009 81
0.000016 33
0.000018 131
0.000008 2
0.000011 81
0.000015 33
0.000013 3
0.000009 2
0.000009 81
0.000025 33
0.000027 19
0.000007 227
0.042224 927
0.058679 121
0.000065 480
0.092336 480
0.000021 120
0.941242 720
0.017876 757
0.018315 33
0.000046 8
0.000020 2
0.000029 92
0.000015 33
0.000025 33
0.000038 2
0.000011 125
0.000009 8
0.000046 2
0.000006 92
0.000026 33
0.000028 31
0.000020 2
0.000019 92
0.000030 33
0.000003 102
0.021998 33
0.000039 34
0.000018 2
0.000019 92
0.000025 33
0.000027 8
0.000021 2
0.000068 623
0.027913 33
0.000023 32
0.000009 2
0.000009 92
0.000038 135
0.000033 184
0.000027 135
0.000035 212
0.038740 804
0.032567 916
0.041945 586
0.069121 585
12.631828 118
0.000138 468
0.029718 117
0.000074 384
0.000013 84
0.026276 33
0.000107 84
0.000119 468
0.046077 117
0.000064 117
0.000034 117
0.000057 117
0.000096 117
61.934500 108
0.575796 28
0.003072 86
53.691385 1
0.099953 1
0.147541 1
0.326986 1
0.202005 1
0.232666 1
0.130329 1
0.135188 1
0.132472 1
0.147161 1
0.194929 1
0.090332 1
0.313076 1
0.514936 11
0.026790 672
0.000979 417
0.001158 171
0.002193 171
0.000028 168
0.000006 151
0.000019 83
0.000521 159
0.000664 52
0.000030 52
0.000260 67
0.000952 102
0.000015 52
0.000005 67
0.000029 52
0.000013 52
0.000005 52
0.000005 67
0.000020 67
0.000305 67
0.001772 8
0.000039 78
58.182858 21
8.155601 35
0.014618 25
0.026265 2696
1.475145 111
0.000160 440
0.040790 33
0.000045 77
0.000038 220
0.000043 33
0.000005 77
0.000047 33
0.000024 77
0.058948 33
0.000070 77
0.002411 440
0.026722 550
0.025558 550
0.025933 110
0.000063 440
0.027059 110
0.000072 110
0.000046 330
0.061850 110
0.003402 220
0.000066 33
0.000027 187
0.369847 550
0.038277 550
0.030630 550
0.034152 550
0.056109 550
0.249851 33
0.000018 227
0.000009 2
0.000009 73
0.000055 33
0.000086 248
0.004117 111
0.000014 108
0.000053 250
0.000066 111
0.062797 33
0.000950 272
0.000124 981
0.042853 33
0.000029 3
0.000106 76
0.000010 623
0.000033 218
0.000016 76
0.056003 1101
0.144100 1061
0.022659 916
0.034044 755
0.037913 33
0.001954 351
0.001199 33
0.000156 20
0.000062 2
0.000083 127
0.000017 408
0.036766 331
0.000093 220
0.254028 550
0.299965 551
0.021473 550
0.011811 550
0.024955 550
0.037908 550
11.363012 551
0.022934 110
0.000022 440
0.022483 33
0.000113 517
0.012838 110
0.000006 33
0.000002 77
0.000013 33
0.000017 297
0.024712 550
47.446327 28
0.004198 86
0.215022 1
0.611770 4
1.364143 20
0.821730 33
0.020615 222
0.011748 2594
1.128942 2305
0.000027 90
0.021636 189
0.013595 105
0.020901 98
0.000011 7
0.019211 42
0.000105 63
0.019989 14
0.000141 56
0.000055 7
0.000022 21
0.000256 7
0.036575 7
0.000015 7
0.000700 89
0.088610 90
0.267884 4095
0.000021 188
0.029955 6
0.000036 259
0.000035 12
0.000033 216
0.000873 4095
0.000017 854
0.014667 2095
0.000076 1516
0.000267 6
0.017080 6
0.000354 3647
0.023451 3956
0.046697 4095
0.000037 61
0.353239 4095
0.000088 376
0.013940 260
0.000020 6
0.000351 4095
0.000016 341
0.017065 1608
0.011444 7
0.000006 7
0.000014 7
0.000004 7
0.000076 60
0.000005 73
0.000004 6
0.011890 12
0.000005 6
0.000013 6
0.000005 6
0.000044 18
0.000011 12
0.000002 6
0.000014 12
0.000003 6
0.000023 6
0.020629 6
0.001502 222
0.000028 1865
0.020905 14
0.000116 91
0.241379 105
0.015666 28
0.000013 21
0.000007 7
0.000118 7
0.000010 35
0.000178 7
0.008397 7
0.000006 7
0.000016 14
0.000005 7
0.000035 14
0.000004 7
0.000005 7
0.000004 7
0.000003 7
0.000010 14
0.000011 7
0.000068 7
0.009874 7
0.000004 7
0.000018 7
0.000003 7
0.000033 7
0.000002 7
0.000011 7
0.000012 7
0.000009 7
0.000002 7
0.000013 7
0.000027 7
0.000025 14
0.000100 7
0.012592 7
0.000020 7
0.000012 7
0.000039 14
0.000003 7
0.000014 7
0.000004 7
0.000005 7
0.000004 7
0.000002 7
0.000011 14
0.000039 6
0.000049 6
0.020259 30
0.000036 18
0.000011 6
0.000010 12
0.000064 18
0.000162 6
0.230244 3919
0.012967 4095
0.000060 561
0.019184 2405
0.000015 187
0.000054 76
0.000123 257
0.000470 1659
0.017754 3128
0.003509 105
0.015751 7
0.000020 7
0.000019 7
0.000015 7
0.000014 7
0.000016 7
0.000013 7
0.000015 7
0.000015 7
0.000014 7
0.000017 7
0.000015 7
0.000014 7
0.000014 7
0.000088 7
0.028073 7
0.000816 14
0.000069 7
0.000026 21
0.000013 7
0.000207 14
0.000014 21
0.000293 7
0.000016 7
0.266992 7
0.000173 7
0.001878 7
0.000026 63
0.000057 7
0.000037 7
0.000220 119
0.000042 7
0.029697 7
0.000017 7
0.000064 7
0.000025 7
0.000010 7
0.000061 121
0.000009 7
0.000079 21
0.000074 21
0.000075 21
0.000110 21
0.000079 21
0.000100 21
0.000025 7
0.000012 7
0.000061 7
0.000126 21
0.009409 21
0.000031 7
0.000011 7
0.000061 7
0.000084 19
0.000025 6
0.000065 12
0.000025 6
0.000011 6
0.000067 6
0.019014 12
0.000612 6
0.000196 6
0.000119 6
0.000238 12
0.000155 12
0.000039 6
0.000044 6
0.000201 6
0.000026 6
0.000104 6
0.000423 6
0.011993 6
0.000034 6
0.000955 6
0.000212 3264
0.000019 161
0.000007 81
0.000018 78
0.000016 77
0.000015 79
0.000015 67
0.000013 10
0.000014 77
0.000015 79
0.000014 79
0.000015 73
0.000014 26
0.000017 10
0.000021 68
0.000019 58
0.000016 10
0.000018 83
0.000027 131
0.000091 103
0.000007 66
0.000015 10
0.000017 14
0.000019 29
0.000016 72
0.000068 72
0.000019 77
0.000017 72
0.000017 72
0.000069 74
0.000020 74
0.000026 70
0.000017 70
0.000016 6
0.001971 6
0.028150 214
0.000018 6
0.000009 6
0.000013 6
0.000004 277
0.000016 6
0.000004 6
0.000197 238
0.000011 7
0.000013 7
0.000009 7
0.000012 7
0.000011 7
0.000043 40
0.000015 30
0.000014 24
0.000018 36
0.000014 29
0.000011 30
0.000012 35
0.000013 9
0.000015 87
0.000014 22
0.000014 79
0.000014 25
0.000012 80
0.000061 52
0.000023 80
0.000015 78
0.000012 76
0.000010 28
0.000013 81
0.000012 56
0.000011 60
0.000014 63
0.000012 62
0.000022 98
0.000028 42
0.000013 133
0.000009 62
0.000013 32
0.000009 48
0.000012 10
0.000014 77
0.000017 87
0.000006 103
0.000018 71
0.000012 28
0.000010 10
0.000012 7
0.000054 7
0.000007 7
0.201156 7
0.000377 98
0.012449 105
0.023160 105
0.004541 105
0.009921 105
0.015190 7
0.000207 98
0.016538 14
0.000017 7
0.000011 7
0.000009 6
0.000085 24
0.000106 18
0.000054 12
0.000092 6
0.226164 6
0.000156 18
0.000018 6
0.000683 12
0.000059 48
0.016645 234
0.000044 6
0.000078 12
0.000029 220
0.000089 43
0.000985 3908
0.004204 214
0.000037 6
0.000017 6
0.000023 6
0.000016 53
0.000020 6
0.000025 6
0.000037 6
0.000036 281
0.000046 6
0.000014 6
0.000045 6
0.000042 82
0.000043 12
0.000062 135
0.000025 9
0.000026 18
0.000025 30
0.000024 26
0.000026 21
0.000033 31
0.000024 58
0.000024 27
0.000025 20
0.000060 37
0.000023 102
0.000022 10
0.000023 84
0.000028 22
0.000025 71
0.000021 20
0.000026 77
0.000027 47
0.000093 77
0.000119 75
0.000038 442
0.000020 79
0.000026 41
0.000029 25
0.000025 54
0.000026 62
0.000019 35
0.000059 6
0.000016 282
0.000045 82
0.000025 82
0.000025 53
0.000032 9
0.000026 18
0.000026 30
0.000018 25
0.000025 21
0.000021 30
0.000024 27
0.000034 31
0.000015 26
0.000040 20
0.000027 30
0.000025 55
0.000025 36
0.000027 10
0.000025 84
0.000021 22
0.000025 76
0.000204 22
0.000020 973
0.008952 6
0.000069 275
0.000033 6
0.000096 6
0.000043 6
0.000062 94
0.000051 6
0.000078 6
0.000048 6
0.000039 208
0.000033 6
0.000821 6
0.000121 4049
0.013626 6
0.000708 81
0.000075 6
0.000325 6
0.000088 278
0.000018 106
0.000071 6
0.000082 12
0.000113 208
0.000829 4031
0.018025 6
0.000039 270
0.000012 6
0.000012 6
0.000010 6
0.000015 270
0.000010 6
0.000012 6
0.000009 6
0.000037 69
0.000010 6
0.000012 6
0.000010 6
0.000025 220
0.000011 6
0.000012 6
0.000024 71
0.000013 76
0.000011 76
0.000011 43
0.000010 9
0.000012 94
0.000011 73
0.000011 75
0.000011 76
0.000012 37
0.000009 10
0.000013 95
0.000011 74
0.000012 82
0.000011 83
0.000011 83
0.000011 54
0.000011 10
0.000010 19
0.000010 31
0.000010 27
0.000010 22
0.000010 32
0.000012 27
0.000010 31
0.000010 27
0.000010 20
0.000010 37
0.000010 30
0.000013 36
0.000011 36
0.000019 10
0.000012 84
0.000010 22
0.000011 71
0.000012 20
0.000011 77
0.000011 47
0.000020 77
0.000031 75
0.000013 76
0.000010 28
0.000010 6
0.000014 66
0.000010 21
0.000011 69
0.000011 71
0.000011 71
0.000010 40
0.000010 9
0.000011 94
0.000012 73
0.000010 76
0.000011 76
0.000010 34
0.000009 10
0.000013 95
0.000011 77
0.000011 84
0.000049 83
0.000185 1073
0.005749 6
0.000029 265
0.000013 66
0.000011 21
0.000011 69
0.000011 71
0.000011 71
0.000010 40
0.000010 9
0.000011 94
0.000011 74
0.000011 76
0.000011 76
0.000010 34
0.000009 10
0.000012 95
0.000011 77
0.000011 84
0.000019 83
0.000011 83
0.000016 54
0.000016 10
0.000016 19
0.000011 31
0.000010 26
0.000010 22
0.000010 30
0.000011 27
0.000010 31
0.000010 26
0.000010 20
0.000010 30
0.000009 26
0.000010 29
0.000010 36
0.000010 10
0.000010 84
0.000010 22
0.000012 76
0.000015 22
0.000014 77
0.000014 52
0.000015 74
0.000015 73
0.000013 6
0.000106 6
0.000567 2074
0.001235 4095
0.000008 433
0.232690 4095
0.000110 706
0.025954 6
0.000054 31
0.000017 6
0.000029 6
0.000018 6
0.000028 275
0.000019 6
0.000031 6
0.000019 6
0.000024 34
0.000017 6
0.000022 6
0.000020 6
0.000028 267
0.000018 6
0.000024 6
0.000036 34
0.000024 76
0.000020 29
0.000019 13
0.000020 23
0.000025 38
0.000019 18
0.000022 16
0.000021 56
0.000044 45
0.000018 23
0.000021 70
0.000018 65
0.000021 22
0.000019 72
0.000021 77
0.000019 77
0.000020 44
0.000019 10
0.000075 95
0.000096 744
0.000022 10
0.000018 50
0.000047 27
0.000018 112
0.000016 27
0.000028 20
0.000010 81
0.000026 68
0.000014 34
0.000013 76
0.000013 31
0.000016 16
0.000013 69
0.000016 66
0.000013 48
0.000017 22
0.000008 72
0.000034 112
0.000017 23
0.000018 67
0.000013 67
0.000013 22
0.000007 70
0.000035 144
0.000013 41
0.000018 10
0.000018 95
0.000006 74
0.000033 152
0.000015 34
0.000018 10
0.000006 95
0.000035 161
0.000007 83
0.000087 137
0.000016 165
0.000016 31
0.000013 26
0.000072 6
0.000008 6
0.000570 232
0.000024 6
0.000016 6
0.000019 6
0.000006 27
0.000026 12
0.000030 271
0.000029 6
0.000006 6
0.000026 232
0.000026 12
0.001274 93
0.000081 347
0.000080 39
0.000028 294
0.000015 94
0.000015 77
0.000018 77
0.000014 54
0.000013 95
0.000013 74
0.000013 76
0.000012 76
0.000011 37
0.000014 10
0.000013 95
0.000013 74
0.000007 82
0.000033 166
0.000013 54
0.000011 10
0.000013 19
0.000020 31
0.000015 49
0.000021 6
0.000006 50
0.000025 27
0.000012 66
0.000013 27
0.000020 27
0.000012 143
0.000013 34
0.000013 76
0.000011 32
0.000013 17
0.000013 70
0.000012 67
0.000011 49
0.000013 22
0.000013 72
0.000006 67
0.000028 68
0.000013 67
0.000011 67
0.000017 22
0.000007 70
0.000059 144
0.000013 41
0.000013 10
0.000013 95
0.000005 74
0.000027 152
0.000009 34
0.000041 10
0.000015 339
0.000009 83
0.000045 54
0.000165 98
0.012709 279
0.000018 6
0.000018 6
0.000029 6
0.000017 67
0.000020 6
0.000009 6
0.000032 6
0.000010 272
0.000028 12
0.000028 6
0.000016 20
0.000019 6
0.000009 6
0.000045 145
0.000017 74
0.000009 50
0.000033 93
0.000016 27
0.000014 27
0.000008 76
0.000034 104
0.000017 77
0.000016 30
0.000014 14
0.000018 24
0.000009 39
0.000027 19
0.000018 16
0.000016 56
0.000016 45
0.000017 23
0.000009 70
0.000033 87
0.000021 72
0.000017 77
0.000013 77
0.000011 44
0.000013 10
0.000013 95
0.000016 74
0.000006 76
0.000064 113
0.000014 261
0.000013 83
0.000013 83
0.000011 54
0.000017 6
0.000007 217
0.000021 93
0.000029 141
0.000012 50
0.000012 27
0.000012 66
0.000012 27
0.000013 28
0.000012 76
0.000012 69
0.000013 35
0.000012 77
0.000012 32
0.000191 17
0.000103 1635
0.007223 4095
0.000014 1170
0.014862 15
0.000022 6
0.000008 6
0.000016 6
0.000004 250
0.000016 6
0.000004 6
0.000020 73
0.000018 12
0.000021 289
0.000020 12
0.000024 70
0.000012 54
0.000014 9
0.000013 69
0.000013 80
0.000012 68
0.000010 22
0.000011 78
0.000013 17
0.000012 21
0.000013 79
0.000013 68
0.000047 75
0.000063 51
0.000051 534
0.000016 16
0.000013 56
0.000015 45
0.000017 23
0.000015 70
0.000007 65
0.000025 94
0.000010 77
0.000011 77
0.000009 44
0.000013 10
0.000011 95
0.000008 74
0.000019 6
0.000009 82
0.000028 84
0.000018 67
0.000033 51
0.000035 9
0.000014 321
0.000012 19
0.000024 21
0.000007 74
0.000025 68
0.000018 75
0.000013 51
0.000018 28
0.000013 67
0.000016 28
0.000015 28
0.000018 76
0.000014 69
0.000015 35
0.000013 77
0.000016 32
0.000014 17
0.000018 70
0.000014 67
0.000017 49
0.000018 22
0.000011 72
0.000034 112
0.000021 23
0.000015 67
0.000013 67
0.000014 22
0.000020 70
0.000008 72
0.000034 113
0.000018 10
0.000015 95
0.000147 6
0.000013 6
0.029408 214
0.000038 6
0.000044 6
0.000035 6
0.000012 69
0.000852 6
0.000112 4095
0.000027 765
0.206359 259
0.000127 6
0.001273 4095
0.000281 811
0.020693 6
0.000039 31
0.000016 6
0.000017 6
0.000030 6
0.000035 247
0.000020 6
0.000023 6
0.000016 6
0.000029 48
0.000020 6
0.000033 6
0.000020 6
0.000026 252
0.000021 6
0.000023 6
0.000025 51
0.000025 51
0.000021 31
0.000020 33
0.000018 53
0.000031 68
0.000018 34
0.000020 57
0.000022 51
0.000022 74
0.000022 50
0.000021 73
0.000017 10
0.000052 83
0.000021 85
0.000019 71
0.000022 55
0.000020 10
0.000022 70
0.000020 81
0.000017 69
0.000016 23
0.000017 79
0.000016 17
0.000016 21
0.000016 79
0.000016 68
0.000017 75
0.000016 51
0.000015 28
0.000016 67
0.000016 28
0.000118 28
0.000041 76
0.000018 69
0.000066 35
0.000024 77
0.000017 30
0.000017 14
0.000019 24
0.000026 39
0.000021 6
0.000025 53
0.000018 53
0.000016 48
0.000016 48
0.000016 31
0.000015 33
0.000016 56
0.000016 65
0.000016 34
0.000016 55
0.000015 46
0.000017 66
0.000015 42
0.000016 70
0.000019 10
0.000018 83
0.000019 85
0.000016 68
0.000044 52
0.000016 10
0.000019 73
0.000018 81
0.000016 69
0.000018 23
0.000024 79
0.000017 19
0.000016 21
0.000016 74
0.000016 68
0.000019 75
0.000018 51
0.000016 28
0.000016 67
0.000016 28
0.000015 28
0.000017 76
0.000018 69
0.000018 35
0.000016 77
0.000030 32
0.000017 17
0.000016 70
0.000015 67
0.000014 6
0.000119 6
0.001343 248
0.000019 6
0.000094 267
0.000014 41
0.000016 6
0.000005 6
0.000022 247
0.000054 12
0.000025 35
0.000827 90
0.000021 53
0.000010 104
0.000009 51
0.000009 31
0.000010 34
0.000010 54
0.000009 69
0.000009 35
0.000009 58
0.000036 51
0.000050 74
0.000010 588
0.000009 69
0.000010 23
0.000009 79
0.000009 17
0.000009 21
0.000010 79
0.000009 68
0.000009 75
0.000009 51
0.000010 28
0.000012 67
0.000010 56
0.000009 76
0.000009 69
0.000010 35
0.000009 77
0.000014 6
0.000005 74
0.000034 42
0.000010 122
0.000009 53
0.000009 53
0.000010 48
0.000009 48
0.000009 32
0.000009 34
0.000010 57
0.000009 66
0.000009 35
0.000010 55
0.000009 46
0.000009 66
0.000010 42
0.000013 70
0.000010 93
0.000009 85
0.000010 68
0.000008 52
0.000010 10
0.000009 73
0.000010 81
0.000009 69
0.000010 23
0.000008 79
0.000009 19
0.000009 21
0.000010 74
0.000009 68
0.000010 75
0.000013 51
0.000009 95
0.000009 28
0.000009 28
0.000010 76
0.000008 69
0.000009 35
0.000067 6
0.000004 6
0.013866 229
0.000018 6
0.000039 12
0.000048 40
0.000087 471
0.000022 45
0.000008 35
0.000028 47
0.000062 43
0.000017 54
0.000009 54
0.000036 104
0.000017 32
0.000015 34
0.000008 54
0.000035 104
0.000014 58
0.000014 51
0.000009 74
0.000033 123
0.000019 10
0.000018 83
0.000007 85
0.000032 126
0.000018 10
0.000018 70
0.000009 81
0.000035 92
0.000023 79
0.000007 17
0.000045 21
0.000020 79
0.000007 68
0.000035 126
0.000019 28
0.000014 67
0.000018 28
0.000004 6
0.000040 265
0.000273 67
0.000097 2020
0.006196 6
0.000031 32
0.000010 6
0.000012 6
0.000010 6
0.000017 223
0.000014 6
0.000014 6
0.000010 6
0.000016 226
0.000013 6
0.000024 6
0.000013 6
0.000015 43
0.000013 6
0.000023 6
0.000023 30
0.000018 24
0.000013 32
0.000015 31
0.000016 35
0.000014 27
0.000013 40
0.000013 24
0.000096 75
0.000012 46
0.000011 36
0.000011 48
0.000010 44
0.000011 54
0.000014 54
0.000014 52
0.000015 52
0.000013 32
0.000012 34
0.000013 54
0.000027 104
0.000013 58
0.000013 51
0.000012 74
0.000013 50
0.000008 73
0.000012 10
0.000010 83
0.000012 85
0.000009 71
0.000011 55
0.000010 10
0.000009 70
0.000012 81
0.000004 69
0.000022 102
0.000040 17
0.000007 21
0.000012 79
0.000012 68
0.000009 6
0.000016 242
0.000011 43
0.000014 27
0.000008 24
0.000008 32
0.000012 34
0.000012 32
0.000009 27
0.000011 40
0.000013 25
0.000009 75
0.000009 43
0.000011 36
0.000066 45
0.000018 282
0.000010 91
0.000005 66
0.000119 1073
0.014867 6
0.000056 44
0.000024 6
0.000027 6
0.000045 6
0.000037 244
0.000022 6
0.000026 6
0.000035 70
0.000717 4095
0.000012 342
0.015866 275
0.000020 6
0.000019 6
0.000028 281
0.000025 6
0.000006 6
0.000028 15
0.000013 6
0.000012 6
0.000015 6
0.000012 209
0.000013 6
0.000014 6
0.000014 9
0.000013 76
0.000014 70
0.000026 53
0.000007 64
0.000030 109
0.000013 41
0.000013 44
0.000012 44
0.000013 31
0.000013 25
0.000012 33
0.000012 32
0.000013 36
0.000019 28
0.000014 66
0.000013 75
0.000012 46
0.000014 36
0.000012 48
0.000013 44
0.000062 54
0.000087 54
0.000008 561
0.000029 83
0.000014 83
0.000014 85
0.000013 71
0.000023 55
0.000014 6
0.000004 85
0.000015 10
0.000011 9
0.000010 76
0.000010 70
0.000010 56
0.000010 67
0.000018 64
0.000009 90
0.000064 44
0.000010 267
0.000010 25
0.000010 75
0.000014 43
0.000009 81
0.000010 44
0.000009 54
0.000010 54
0.000010 49
0.000009 49
0.000009 32
0.000010 34
0.000009 57
0.000010 66
0.000009 35
0.000010 55
0.000009 46
0.000010 66
0.000009 42
0.000014 70
0.000010 93
0.000015 85
0.000014 68
0.000138 6
0.000009 6
0.223036 214
0.000052 6
0.000049 6
0.000065 43
0.000073 12
0.000045 6
0.000017 251
0.000061 6
0.000029 6
0.000045 6
0.000017 72
0.000232 12
0.000052 214
0.000035 85
0.000619 70
0.000076 391
0.000101 90
0.000134 36
0.000035 251
0.000036 48
0.000015 44
0.000069 108
0.000030 52
0.000672 52
0.000045 2676
0.016155 6
0.000029 34
0.000011 6
0.000011 6
0.000010 6
0.000074 266
0.000041 6
0.000016 6
0.000009 6
0.000029 268
0.000013 6
0.000013 6
0.000010 6
0.000013 71
0.000011 6
0.000012 6
0.000013 69
0.000011 68
0.000011 20
0.000018 74
0.000013 73
0.000010 37
0.000009 9
0.000011 83
0.000011 14
0.000009 10
0.000011 77
0.000011 71
0.000010 54
0.000011 65
0.000011 65
0.000010 46
0.000011 42
0.000010 44
0.000010 44
0.000009 31
0.000011 25
0.000010 33
0.000009 32
0.000011 36
0.000009 28
0.000011 41
0.000010 25
0.000013 75
0.000026 46
0.000020 36
0.000020 48
0.000018 44
0.000019 54
0.000026 54
0.000026 52
0.000028 52
0.000025 32
0.000028 34
0.000028 54
0.000022 69
0.000020 35
0.000019 6
0.000028 276
0.000022 71
0.000021 69
0.000021 67
0.000023 34
0.000027 9
0.000031 72
0.000029 52
0.000039 37
0.000032 10
0.000024 86
0.000022 11
0.000018 10
0.000020 77
0.000022 71
0.000020 57
0.000021 68
0.000022 65
0.000021 46
0.000020 45
0.000024 44
0.000022 44
0.000020 28
0.000029 25
0.000029 33
0.000025 35
0.000018 33
0.000020 28
0.000017 41
0.000025 25
0.000020 118
0.000016 36
0.000020 45
0.000063 44
0.000116 54
0.000181 347
0.000014 6
0.005575 73
0.000022 6
0.000124 12
0.000036 264
0.000008 271
0.000067 6
0.000018 6
0.000011 18
0.001849 150
0.000024 76
0.000013 69
0.000007 68
0.000024 95
0.000010 74
0.000011 38
0.000012 10
0.000012 83
0.000012 14
0.000012 10
0.000013 77
0.000010 71
0.000012 54
0.000007 65
0.000024 111
0.000009 42
0.000012 44
0.000009 44
0.000012 31
0.000009 25
0.000012 33
0.000004 32
0.000023 64
0.000009 41
0.000012 25
0.000013 75
0.000009 46
0.000012 36
0.000015 48
0.000013 44
0.000011 54
0.000012 54
0.000010 52
0.000157 52
0.000044 1983
0.008306 6
0.000074 212
0.000020 6
0.000022 6
0.000021 6
0.000023 9
0.000017 6
0.000019 6
0.000017 6
0.000025 221
0.000017 6
0.000044 6
0.000025 6
0.002158 209
0.000047 6
0.000027 6
0.000023 20
0.000025 9
0.000016 14
0.000018 22
0.000016 72
0.000015 18
0.000016 9
0.000017 67
0.000017 75
0.000009 77
0.000033 139
0.000017 21
0.000009 75
0.000031 112
0.000017 10
0.000016 83
0.000015 14
0.000017 10
0.000297 77
0.000062 2722
0.005679 349
0.000031 12
0.000006 290
0.000097 232
0.000060 93
0.000014 51
0.000014 37
0.000012 102
0.000012 68
0.000005 152
0.000012 70
0.000005 90
0.000023 75
0.000006 122
0.000014 83
0.000013 14
0.000006 87
0.000004 71
0.000020 54
0.000006 130
0.000011 46
0.000005 86
0.000014 44
0.000011 31
0.000005 58
0.000004 32
0.000019 64
0.000004 41
0.000018 6
0.000024 276
0.000040 146
0.000014 191
0.000005 9
0.000004 14
0.000022 23
0.000005 73
0.000013 21
0.000005 78
0.000022 78
0.000006 142
0.000015 68
0.000014 35
0.000005 83
0.000006 53
0.000012 38
0.000005 96
0.000005 11
0.000020 10
0.000005 148
0.000020 57
0.000005 133
0.000004 46
0.000025 45
0.000005 116
0.000013 25
0.000012 33
0.000005 68
0.000005 28
0.000019 6
0.000169 6
0.010733 36
0.000040 6
0.000005 6
0.000010 6
0.000038 208
0.000005 12
0.000030 6
0.000008 22
0.000005 6
0.000039 12
0.000004 215
0.000034 6
0.000004 20
0.000033 9
0.000011 104
0.000022 73
0.000011 70
0.000051 77
0.000018 117
0.000008 46
0.000005 23
0.000010 73
0.000036 29
0.000005 143
0.000032 77
0.000005 139
0.000028 21
0.000009 75
0.000004 74
0.000038 48
0.000004 107
0.000033 77
0.000005 125
0.000040 65
0.000005 153
0.000068 44
0.000066 75
0.000028 636
0.000029 84
0.000017 11
0.000008 47
0.000009 23
0.000004 73
0.000037 21
0.000005 156
0.000036 72
0.000009 138
0.000019 35
0.000018 10
0.000009 126
0.000016 38
0.000032 96
0.000005 98
0.000025 71
0.000035 125
0.000005 156
0.000024 44
0.000078 72
0.000005 12
0.015949 6
0.000009 17
0.000041 6
0.000013 6
0.000034 6
0.000005 265
0.000030 6
0.000005 6
0.000030 6
0.000005 70
0.000033 6
0.000004 12
0.000076 272
0.000006 6
0.000037 6
0.000018 70
0.000035 66
0.000019 19
0.000020 44
0.000014 20
0.000010 29
0.000005 30
0.000035 75
0.000015 145
0.000028 78
0.000021 46
0.000012 49
0.000005 23
0.000039 31
0.000012 38
0.000019 73
0.000061 172
0.000029 77
0.000053 70
0.000110 808
0.000008 73
0.000052 70
0.000009 118
0.000005 10
0.000039 22
0.000005 118
0.000036 74
0.000005 152
0.000035 44
0.000011 51
0.000004 23
0.000058 24
0.000006 96
0.000011 21
0.000042 78
0.000014 150
0.000038 70
0.000046 113
0.000010 260
0.000013 11
0.000008 10
0.000018 77
0.000047 128
0.000009 133
0.000070 6
0.000008 6
0.043724 218
0.000125 6
0.000033 6
0.000038 6
0.000050 9
0.000106 12
0.000016 278
0.000127 6
0.000032 6
0.000072 6
0.000044 22
0.000038 6
0.000046 6
0.000909 3794
0.206644 6
0.000107 250
0.001337 6
0.001826 1007
0.000142 3186
0.012812 27
0.000011 238
0.000019 6
0.000582 3913
0.011897 2020
0.000322 3917
0.008745 4348
0.000043 6
0.014356 3991
0.000373 4095
0.000020 87
0.008499 4095
0.000036 326
0.025300 4095
0.000017 876
0.269597 242
0.003884 1159
0.000861 3358
0.029277 2885
0.003769 105
0.017448 28
0.000013 35
0.000008 14
0.000007 7
0.000007 14
0.000071 7
0.009532 7
0.000009 7
0.000018 14
0.000016 7
0.000005 7
0.000005 7
0.000006 7
0.000013 14
0.000006 7
0.000014 14
0.000005 7
0.000079 7
0.017261 105
0.024519 105
0.228400 35
0.000038 21
0.000097 7
0.001420 42
0.019539 42
0.000648 55
0.008686 90
0.011122 12
0.000057 245
0.000018 6
0.000009 6
0.000011 6
0.000013 18
0.000012 6
0.000009 6
0.000017 6
0.000008 208
0.000029 12
0.000008 22
0.000393 4019
0.008363 6
0.000032 286
0.000011 6
0.000013 6
0.000011 6
0.000014 75
0.000014 6
0.000017 6
0.000011 6
0.000017 81
0.000011 6
0.000020 6
0.000016 6
0.000083 278
0.000022 6
0.000025 6
0.000026 83
0.000020 80
0.000031 92
0.000020 23
0.000019 9
0.000020 22
0.000041 31
0.000019 79
0.000022 76
0.000019 16
0.000016 10
0.000018 30
0.000020 79
0.000021 79
0.000020 19
0.000015 10
0.000017 15
0.000023 33
0.000018 76
0.000015 52
0.000009 80
0.000037 107
0.000018 75
0.000015 74
0.000011 76
0.000014 10
0.000012 81
0.000017 78
0.000017 74
0.000016 29
0.000020 10
0.000034 78
0.000010 74
0.000017 69
0.000016 27
0.000026 72
0.000016 76
0.000024 22
0.000013 82
0.000024 79
0.000017 81
0.000019 75
0.000013 87
0.000015 25
0.000014 9
0.000011 18
0.000017 34
0.000018 75
0.000013 73
0.000012 18
0.000016 10
0.000018 33
0.000166 74
0.000028 1388
0.016843 4095
0.000010 872
0.023897 6
0.000079 208
0.000033 6
0.000062 6
0.000044 6
0.000059 82
0.000043 6
0.000043 6
0.000080 6
0.000056 68
0.000039 6
0.000046 6
0.000251 6
0.000029 270
0.000071 6
0.000019 6
0.000085 141
0.000028 18
0.000019 76
0.000079 62
0.000020 77
0.000073 160
0.000020 84
0.000070 174
0.000033 24
0.000035 10
0.000035 23
0.000036 32
0.000355 80
0.000059 2462
0.000034 74
0.000034 21
0.000029 10
0.000037 14
0.000033 33
0.000039 71
0.000061 52
0.000033 10
0.000037 80
0.000034 72
0.000039 29
0.000032 10
0.000041 76
0.000045 74
0.000044 81
0.000040 10
0.000038 78
0.000034 76
0.000032 6
0.000224 6
0.212980 228
0.001272 4095
0.000026 437
0.015689 4095
0.000113 550
0.015411 6
0.000030 274
0.000010 6
0.000013 6
0.000011 6
0.000013 77
0.000010 6
0.000012 6
0.000010 6
0.000017 166
0.000372 4095
0.000015 562
0.004655 4095
0.000007 916
0.014806 214
0.000022 6
0.000369 4095
0.000009 825
0.007062 214
0.000017 6
0.000009 6
0.000012 6
0.000005 44
0.000019 6
0.000007 6
0.000024 128
0.000018 6
0.000006 6
0.000022 292
0.000021 6
0.000005 6
0.000032 167
0.000011 73
0.000005 98
0.000016 31
0.000012 73
0.000013 80
0.000011 36
0.000012 10
0.000013 23
0.000016 70
0.000007 178
0.000020 80
0.000009 73
0.000011 20
0.000012 10
0.000028 24
0.000051 209
0.000060 55
0.000011 649
0.000010 80
0.000012 84
0.000009 81
0.000014 6
0.000007 25
0.000023 211
0.000019 17
0.000009 28
0.000015 84
0.000005 99
0.000023 107
0.000011 74
0.000009 26
0.000011 10
0.000010 23
0.000016 89
0.000006 172
0.000017 76
0.000008 73
0.000011 26
0.000011 10
0.000012 24
0.000010 67
0.000009 61
0.000012 65
0.000008 62
0.000011 10
0.000010 24
0.000012 69
0.000012 72
0.000010 69
0.000011 83
0.000009 10
0.000012 19
0.000012 73
0.000011 56
0.000041 10
0.000014 235
0.000008 82
0.000061 6
0.000006 6
0.023624 220
0.000039 6
0.000122 12
0.001172 4095
0.000020 287
0.216895 291
0.001573 6
0.000110 4095
0.000138 324
0.013491 6
0.000050 239
0.000054 90
0.000065 86
0.000013 226
0.000087 182
0.000019 68
0.000017 27
0.000045 77
0.000023 162
0.000019 36
0.000045 102
0.000019 172
0.000011 74
0.000073 204
0.000023 116
0.000035 10
0.000015 93
0.000010 258
0.000033 93
0.000007 10
0.000053 233
0.000140 125
0.000018 152
0.000018 31
0.000015 50
0.000012 30
0.000033 88
0.000013 127
0.000036 18
0.000018 131
0.000013 127
0.000035 18
0.000017 215
0.000013 34
0.000096 73
0.000077 470
0.000047 326
0.000035 68
0.000168 6
0.022387 6
0.000063 208
0.000500 6
0.000086 4095
0.000011 161
0.006075 6
0.000030 235
0.000031 6
0.000021 6
0.000014 6
0.000015 9
0.000011 6
0.000014 6
0.000013 6
0.000015 55
0.000014 6
0.000013 6
0.000012 6
0.000020 276
0.000013 6
0.000014 6
0.000016 53
0.000013 9
0.000013 31
0.000015 74
0.000014 86
0.000014 22
0.000010 9
0.000013 41
0.000013 78
0.000011 78
0.000012 23
0.000013 10
0.000016 61
0.000012 29
0.000011 78
0.000015 127
0.000010 35
0.000022 36
0.000012 23
0.000011 79
0.000016 152
0.000010 20
0.000011 74
0.000012 100
0.000010 31
0.000012 73
0.000011 80
0.000011 36
0.000009 10
0.000010 23
0.000010 70
0.000015 178
0.000009 6
0.000011 9
0.000011 77
0.000010 55
0.000009 9
0.000009 36
0.000009 9
0.000011 77
0.000048 81
0.000011 24
0.000009 10
0.000010 46
0.000010 10
0.000010 81
0.000011 73
0.000010 23
0.000021 10
0.000019 51
0.000018 10
0.000016 22
0.000016 88
0.000022 127
0.000014 18
0.000015 16
0.000014 26
0.000016 89
0.000021 127
0.000014 18
0.000015 29
0.000016 86
0.000019 100
0.000012 34
0.000106 173
0.000014 10
0.000022 23
0.000016 89
0.000006 94
0.000083 6
0.000005 6
0.016048 4095
0.000008 397
0.010597 6
0.000053 281
0.000016 6
0.000017 6
0.000014 6
0.000016 77
0.000013 6
0.000014 6
0.000012 6
0.000015 9
0.000012 6
0.000013 6
0.000014 6
0.000016 240
0.000014 6
0.000015 6
0.000018 77
0.000013 82
0.000013 31
0.000014 80
0.000012 71
0.000012 78
0.000012 10
0.000014 83
0.000013 54
0.000012 10
0.000012 32
0.000013 75
0.000012 87
0.000010 23
0.000010 10
0.000012 41
0.000021 78
0.000012 78
0.000011 23
0.000012 10
0.000012 61
0.000011 29
0.000012 78
0.000023 127
0.000015 35
0.000013 36
0.000011 23
0.000044 79
0.000021 152
0.000023 94
0.000005 90
0.000019 82
0.000020 41
0.000012 86
0.000007 82
0.000022 42
0.000010 80
0.000009 71
0.000011 79
0.000010 10
0.000012 78
0.000009 56
0.000012 10
0.000011 37
0.000009 10
0.000012 78
0.000072 173
0.000003 81
0.000113 825
0.027650 214
0.000031 6
0.000013 6
0.000017 6
0.000007 41
0.000051 12
0.000007 6
0.000025 76
0.000025 6
0.000007 6
0.000024 214
0.000466 3807
0.190425 6
0.000026 337
0.000046 6
0.000056 6
0.000126 6
0.000111 83
0.000037 55
0.000030 6
0.000040 6
0.000031 217
0.000035 6
0.000039 6
0.000034 31
0.000071 72
0.000020 139
0.000040 9
0.000062 76
0.000029 41
0.000034 9
0.000032 77
0.000035 37
0.000038 78
0.000728 83
0.000153 3139
0.000225 6
0.012302 255
0.000159 12
0.000054 6
0.000075 26
0.000091 12
0.000035 6
0.000014 13
0.000059 12
0.000033 6
0.000016 208
0.000064 12
0.000014 13
0.000062 69
0.000049 31
0.000041 100
0.000015 140
0.000123 10
0.000031 77
0.000026 42
0.000028 10
0.000122 77
0.000188 37
0.000049 614
0.000036 75
0.000039 87
0.000041 23
0.000031 10
0.000032 41
0.000057 78
0.000041 78
0.000040 23
0.000052 10
0.000046 61
0.000031 29
0.000085 6
0.000016 16
0.000074 22
0.000042 26
0.000449 50
0.000031 1699
0.009542 2089
0.000031 6
0.000021 75
0.000012 6
0.000014 6
0.000014 6
0.000015 74
0.000011 6
0.000014 6
0.000011 6
0.000017 270
0.000011 6
0.000014 6
0.000015 71
0.000013 80
0.000022 84
0.000014 19
0.000011 9
0.000013 14
0.000012 19
0.000016 50
0.000015 10
0.000012 30
0.000011 32
0.000013 75
0.000016 136
0.000013 67
0.000014 37
0.000019 77
0.000018 40
0.000020 10
0.000011 80
0.000010 83
0.000008 32
0.000011 10
0.000010 86
0.000010 72
0.000010 74
0.000010 78
0.000009 56
0.000009 10
0.000015 35
0.000011 90
0.000005 82
0.000026 35
0.000029 44
0.000016 10
0.000015 83
0.000015 73
0.000018 6
0.000017 19
0.000006 71
0.000033 149
0.000024 95
0.000409 1636
0.012109 214
0.000356 4095
0.000008 358
0.008356 4095
0.000011 235
0.000070 6
0.000005 13
0.000004 6
0.000004 6
0.000004 6
0.000017 220
0.000016 128
0.000009 71
0.000022 150
0.000004 55
0.000005 9
0.000010 20
0.000004 75
0.000005 75
0.000004 75
0.000004 85
0.000005 27
0.000009 18
0.000020 75
0.000024 33
0.000006 109
0.000016 149
0.000019 122
0.000006 10
0.000006 82
0.000006 50
0.000019 163
0.000006 32
0.000006 10
0.000006 81
0.000024 77
0.000007 221
0.000006 6
0.000018 66
0.000006 13
0.000006 30
0.000006 81
0.000006 68
0.000008 72
0.000007 76
0.000006 55
0.000007 30
0.000020 147
0.000006 76
0.000007 80
0.000006 17
0.000007 10
0.000007 14
0.000006 27
0.000006 61
0.000007 19
0.000006 32
0.000020 85
0.000007 151
0.000023 119
0.000006 10
0.000006 77
0.000006 52
0.000021 161
0.000006 34
0.000007 10
0.000007 81
0.000006 72
0.000006 79
0.000006 10
0.000006 78
0.000007 56
0.000008 6
0.000350 6
0.014905 276
0.000019 6
0.000014 6
0.000016 6
0.000008 31
0.000011 6
0.000013 6
0.000007 19
0.000023 12
0.000012 6
0.000017 208
0.000018 6
0.000004 6
0.000026 14
0.000010 100
0.000012 55
0.000009 9
0.000013 17
0.000013 30
0.000012 81
0.000012 74
0.000032 206
0.000009 10
0.000014 20
0.000010 72
0.000013 77
0.000014 81
0.000014 85
0.000012 15
0.000009 14
0.000012 22
0.000010 49
0.000008 33
0.000027 102
0.000042 141
0.000071 638
0.000015 9
0.000029 13
0.001732 102
0.000015 57
0.000015 9
0.000022 13
0.000010 30
0.000007 82
0.000026 142
0.000012 77
0.000009 56
0.000012 10
0.000013 20
0.000010 72
0.000012 75
0.000015 76
0.000007 80
0.000018 17
0.000012 10
0.000016 14
0.000011 78
0.000012 10
0.000011 19
0.000013 32
0.000016 85
0.000007 141
0.000089 566
0.021341 6
0.000383 4095
0.000018 316
0.186600 554
0.000787 147
0.000186 3537
0.022127 278
0.000017 6
0.000022 6
0.000015 6
0.000006 75
0.000021 12
0.000039 233
0.000014 6
0.000016 6
0.000020 6
0.000005 13
0.000027 12
0.000006 25
0.000026 155
0.000010 22
0.000011 9
0.000016 14
0.000011 94
0.000071 35
0.000135 10
0.000014 398
0.000009 49
0.000009 82
0.000003 74
0.000187 2516
0.006266 238
0.000037 6
0.000017 6
0.000045 112
0.000013 6
0.000059 6
0.000011 291
0.000015 6
0.000005 6
0.000049 23
0.000013 6
0.000018 6
0.000040 177
0.000005 26
0.000055 25
0.000141 77
0.000021 482
0.000013 40
0.000028 77
0.000018 56
0.000012 28
0.000006 31
0.000051 156
0.000044 152
0.000021 64
0.000028 92
0.000014 77
0.000013 81
0.000006 85
0.000042 15
0.000006 36
0.000039 6
0.000011 9
0.000026 17
0.000019 86
0.000006 107
0.000040 9
0.000006 41
0.000147 354
0.000008 88
0.000042 114
0.000012 10
0.000027 14
0.000015 32
0.000012 72
0.000018 58
0.000034 24
0.000006 113
0.000037 69
0.000013 73
0.000026 77
0.000019 56
0.000005 30
0.000028 72
0.000037 151
0.000006 97
0.000040 10
0.000080 20
0.000006 6
0.009666 6
0.000081 244
0.000005 6
0.000015 6
0.000025 6
0.000031 80
0.000011 6
0.000040 6
0.000006 310
0.000031 6
0.000015 6
0.000085 84
0.000084 12
0.000022 267
0.000004 77
0.000034 115
0.000005 18
0.000051 216
0.000005 15
0.000040 141
0.000005 15
0.000036 78
0.000014 112
0.000005 10
0.000005 15
0.000005 25
0.000030 77
0.000005 56
0.000011 10
0.000006 18
0.000004 31
0.000011 82
0.000030 149
0.000015 77
0.000005 54
0.000004 10
0.000005 20
0.000027 149
0.000015 81
0.000004 6
0.000028 72
0.000051 78
0.000005 105
0.000022 80
0.000037 54
0.000014 17
0.000004 86
0.000014 108
0.000005 10
0.000009 14
0.000013 29
0.000004 76
0.001854 1268
0.015368 6
0.000078 268
0.000008 89
0.000017 6
0.000003 6
0.000003 6
0.000015 222
0.000017 6
0.000065 21
0.000003 6
0.000012 6
0.000014 23
0.000017 146
0.000026 155
0.000011 190
0.000011 64
0.000023 93
0.000012 107
0.000010 28
0.000003 26
0.000009 78
0.000018 102
0.000017 25
0.000017 22
0.000019 109
0.000023 25
0.000003 78
0.000016 122
0.000009 40
0.000010 77
0.000019 66
0.000009 18
0.000018 31
0.000002 82
0.000018 149
0.000018 77
0.000027 60
0.000020 62
0.000018 32
0.000012 71
0.000018 141
0.000026 183
0.000003 80
0.000002 46
0.000012 10
0.000004 18
0.000004 88
0.000016 109
0.000019 24
0.000006 29
0.000019 150
0.000003 25
0.000012 10
0.000004 14
0.000005 29
0.000004 74
0.000005 35
0.000021 106
0.000013 114
0.000002 10
0.000003 14
0.000010 104
0.000041 82
0.000004 332
0.000014 6
0.000059 6
0.014919 279
0.000042 6
0.000004 6
0.000033 6
0.000005 76
0.000029 6
0.000010 6
0.000013 6
0.000004 273
0.000031 6
0.000005 6
0.000040 37
0.000005 12
0.000039 76
0.000006 158
0.000096 60
0.000016 527
0.000008 66
0.000022 15
0.000014 78
0.000005 107
0.000026 10
0.000015 18
0.000004 104
0.000032 79
0.000009 33
0.000004 15
0.000037 96
0.000008 45
0.000009 15
0.000024 78
0.000010 112
0.000005 10
0.000026 15
0.000015 25
0.000005 133
0.000032 10
0.000015 18
0.000005 37
0.000035 13
0.000005 105
0.000030 76
0.000009 74
0.000020 62
0.000015 9
0.000009 94
0.000004 70
0.000036 73
0.000004 185
0.000033 81
0.000009 56
0.000009 18
0.000024 88
0.000046 109
0.000067 10
0.000028 486
0.000021 114
0.000011 10
0.000008 14
0.000021 32
0.000011 72
0.000008 58
0.000008 10
0.000020 14
0.000066 6
0.000005 6
0.028238 6
0.000138 214
0.000007 85
0.000043 6
0.000008 216
0.000036 6
0.000037 6
0.000015 6
0.000030 9
0.000035 12
0.000013 13
0.000020 59
0.000039 26
0.000006 107
0.000040 81
0.000016 77
0.000011 61
0.000012 10
0.000030 24
0.000016 75
0.000013 73
0.000006 70
0.000056 198
0.000007 137
0.000038 10
0.000015 15
0.000018 78
0.000006 107
0.000065 10
0.000017 44
0.000031 78
0.000015 79
0.000011 23
0.000012 10
0.000029 15
0.000024 22
0.000026 109
0.000041 25
0.000007 190
0.000044 10
0.000012 40
0.000006 6
0.000054 26
0.000011 78
0.000026 9
0.000023 13
0.000026 105
0.000006 76
0.000057 75
0.000028 63
0.000006 106
0.000049 70
0.000059 152
0.000084 106
0.000034 405
0.000032 76
0.000019 74
0.000029 35
0.000020 14
0.000007 103
0.000050 25
0.000007 116
0.000059 114
0.000038 30
0.000094 6
0.394483 6
0.000086 268
0.000057 12
0.000060 87
0.000063 6
0.000014 6
0.000133 6
0.000017 274
0.000040 6
0.000054 6
0.000014 73
0.000051 12
0.000091 160
0.000041 69
0.000029 17
0.000030 9
0.000068 13
0.000064 59
0.000075 59
0.000043 77
0.000031 82
0.000022 78
0.000077 71
0.000041 24
0.000041 75
0.000031 73
0.000042 70
0.000033 87
0.000021 111
0.000094 137
0.000043 10
0.000058 15
0.000022 185
0.000071 10
0.000029 18
0.000039 26
0.000031 78
0.000055 79
0.000050 33
0.000045 15
0.000031 22
0.000041 74
0.000047 35
0.000030 25
0.000040 78
0.000042 6
0.000026 81
0.000056 73
0.000145 69
0.000288 81
0.000051 529
0.000029 96
0.000029 70
0.000031 73
0.000120 79
0.000026 106
0.000051 81
0.000046 46
0.000038 10
0.000084 106
0.000106 119
0.000029 14
0.000043 29
0.000032 76
0.000065 74
0.000022 25
0.000063 10
0.000032 14
0.000328 29
0.000022 139
0.010755 283
0.000057 6
0.000102 12
0.000085 73
0.000032 12
0.000058 6
0.000039 273
0.000015 6
0.000090 12
0.000025 71
0.000066 12
0.000095 144
0.000148 79
0.000034 81
0.000063 73
0.000086 74
0.000069 86
0.000207 69
0.000043 18
0.000029 24
0.000026 60
0.000028 10
0.000040 18
0.000031 32
0.000030 77
0.000029 82
0.000031 78
0.000037 61
0.000030 34
0.000033 75
0.000029 73
0.000031 70
0.000056 87
0.000049 111
0.000045 347
0.000019 28
0.000009 26
0.000010 78
0.000011 79
0.000009 23
0.000012 10
0.000013 15
0.000019 28
0.000005 73
0.000016 71
0.000009 74
0.000009 73
0.000009 78
0.000009 81
0.000009 73
0.000009 69
0.000009 81
0.000008 70
0.000007 18
0.000008 10
0.000009 18
0.000011 62
0.000008 24
0.000009 32
0.000009 75
0.000009 77
0.000009 75
0.000007 63
0.000013 10
0.000014 96
0.000010 70
0.000009 73
0.000005 79
0.000020 187
0.000008 46
0.000009 10
0.000009 18
0.000011 88
0.000004 109
0.000017 24
0.000008 29
0.000009 76
0.000008 74
0.000011 25
0.000008 24
0.000058 6
0.000004 6
0.013538 6
0.000056 271
0.000009 6
0.000008 291
0.000010 6
0.000005 6
0.000032 78
0.000007 96
0.000007 33
0.000017 70
0.000007 218
0.000007 79
0.000041 82
0.000005 418
0.000055 209
0.000018 248
0.000019 230
0.000007 248
0.000006 10
0.000020 15
0.000011 195
0.000007 44
0.000006 78
0.000016 6
0.000007 148
0.000007 95
0.000016 33
0.000008 218
0.000006 73
0.000016 79
0.000008 226
0.000006 82
0.000006 70
0.000017 18
0.000008 100
0.000006 14
0.000016 32
0.000007 227
0.000006 63
0.000017 34
0.000004 142
0.000004 73
0.000027 79
0.002221 187
0.000121 46
0.000008 290
0.009098 6
0.000067 231
0.000045 12
0.000025 6
0.000021 19
0.000022 6
0.000020 6
0.000012 6
0.000009 208
0.000030 6
0.000031 6
0.000005 38
0.000032 6
0.000015 6
0.000033 9
0.000010 23
0.000028 29
0.000005 81
0.000259 72
0.000047 4095
0.000015 360
0.012345 6
0.000030 273
0.000034 6
0.000025 6
0.000022 6
0.000043 71
0.002086 6
0.000060 6
0.000022 6
0.000021 232
0.000033 6
0.000023 6
0.000021 6
0.000023 13
0.000012 6
0.000032 6
0.000014 33
0.000033 152
0.000008 82
0.000019 30
0.000014 9
0.000009 52
0.000004 82
0.000043 155
0.000004 115
0.000034 75
0.000010 146
0.000021 80
0.000014 82
0.000006 149
0.000021 87
0.000026 88
0.000008 24
0.000005 60
0.000036 28
0.000010 109
0.000014 82
0.000031 139
0.000004 109
0.000035 73
0.000004 157
0.000078 192
0.000070 15
0.000028 608
0.000022 108
0.000021 72
0.000020 75
0.000065 235
0.000016 144
0.000004 152
0.000121 900
0.011413 6
0.000030 255
0.000013 6
0.000017 6
0.000011 6
0.000017 68
0.000013 6
0.000014 6
0.000013 6
0.000019 271
0.000011 6
0.000015 6
0.000013 6
0.000016 22
0.000013 6
0.000015 6
0.000017 77
0.000020 73
0.000012 54
0.000009 9
0.000012 17
0.000010 33
0.000229 76
0.000053 4009
0.009558 6
0.000028 208
0.000015 6
0.000016 6
0.000013 6
0.000018 62
0.000014 6
0.000014 6
0.000018 6
0.000017 221
0.000014 6
0.000015 6
0.000011 6
0.000014 13
0.000013 6
0.000020 6
0.000017 14
0.000015 60
0.000011 9
0.000014 17
0.000013 19
0.000014 77
0.000042 73
0.000014 54
0.000013 10
0.000011 18
0.000011 34
0.000011 77
0.000011 77
0.000012 83
0.000013 31
0.000011 10
0.000012 24
0.000012 30
0.000011 82
0.000010 73
0.000013 82
0.000012 10
0.000010 34
0.000019 71
0.000010 75
0.000009 72
0.000012 74
0.000014 80
0.000012 82
0.000010 74
0.000009 75
0.000011 87
0.000012 70
0.000178 18
0.000013 2319
0.024680 6
0.000167 274
0.000062 6
0.000203 12
0.000015 164
0.000056 6
0.000012 6
0.000049 6
0.000012 237
0.000043 6
0.000022 6
0.000027 6
0.000022 18
0.000072 6
0.000038 38
0.000009 160
0.000609 3197
0.000060 221
0.000047 79
0.000081 156
0.000039 70
0.000029 82
0.000038 70
0.000218 58
0.033616 6
0.000035 270
0.000021 9
0.000061 6
0.000127 6
0.000012 89
0.000014 6
0.000007 208
0.000014 6
0.000017 6
0.000016 6
0.000051 41
0.000006 12
0.000056 156
0.000012 28
0.000036 25
0.000015 160
0.000006 11
0.000014 15
0.000049 61
0.000013 48
0.000019 78
0.000040 129
0.000012 28
0.000006 34
0.000046 77
0.000059 160
0.000008 31
0.000052 34
0.000014 30
0.000030 82
0.000015 73
0.000019 82
0.000019 10
0.000046 105
0.000057 147
0.000038 154
0.000008 156
0.000040 75
0.000093 93
0.000038 193
0.000177 436
0.000373 1494
0.216103 6
0.000076 208
0.000042 6
0.000044 6
0.000042 6
0.000077 53
0.000108 18
0.000032 208
0.000034 6
0.000031 6
0.000045 6
0.000059 29
0.000016 12
0.000082 62
0.001068 9
0.000221 3732
0.012817 6
0.000168 264
0.000043 6
0.000053 6
0.000052 6
0.000059 72
0.000038 6
0.000069 6
0.000049 6
0.000070 269
0.000038 6
0.000050 6
0.000046 6
0.000063 77
0.000052 6
0.000057 6
0.000057 70
0.000046 75
0.000122 71
0.000071 76
0.000053 27
0.000053 9
0.000067 53
0.000059 9
0.000069 73
0.000064 42
0.000059 10
0.000044 77
0.000046 82
0.000055 10
0.000050 20
0.000062 26
0.000086 162
0.000074 11
0.000050 15
0.000120 61
0.000055 10
0.000051 18
0.000041 20
0.000056 78
0.000174 74
0.000064 55
0.000065 28
0.000043 34
0.000034 77
0.000032 77
0.000028 83
0.000037 31
0.000029 10
0.000030 24
0.000030 30
0.000165 82
0.000304 73
0.000108 631
0.000042 197
0.000038 72
0.000044 10
0.000081 59
0.000011 167
0.000358 978
0.000171 6
0.008925 6
0.000040 272
0.000018 6
0.000004 6
0.000017 78
0.000016 6
0.000008 6
0.000011 6
0.000004 229
0.000015 12
0.000018 15
0.000009 6
0.000010 6
0.000009 30
0.000009 72
0.000009 72
0.000004 77
0.000021 147
0.000017 75
0.000005 71
0.000017 77
0.000008 28
0.000009 10
0.000008 54
0.000008 10
0.000010 73
0.000008 42
0.000009 10
0.000009 77
0.000012 82
0.000009 30
0.000013 26
0.000004 162
0.000014 11
0.000064 15
0.000094 61
0.000016 868
0.000009 154
0.000009 70
0.000014 72
0.000009 138
0.000004 30
0.000022 64
0.000008 83
0.000007 42
0.000008 10
0.000009 72
0.000007 72
0.000008 10
0.000023 19
0.000048 207
0.000017 110
0.000012 24
0.000013 23
0.000059 73
0.000007 69
0.000017 57
0.000017 10
0.000016 14
0.000015 34
0.000017 72
0.000016 75
0.000028 111
0.000013 10
0.000095 6
0.000008 6
0.013008 6
0.000031 219
0.002506 263
0.000007 93
0.000005 6
0.000014 33
0.000004 66
0.000004 30
0.000012 144
0.000017 78
0.000006 297
0.000005 77
0.000004 38
0.000004 54
0.000012 10
0.000038 125
0.000013 474
0.000013 116
0.000012 157
0.000012 117
0.000012 147
0.000005 101
0.000011 9
0.000005 176
0.000004 78
0.000012 78
0.000005 210
0.000004 72
0.000004 30
0.000012 10
0.000005 179
0.000004 10
0.000011 72
0.000005 72
0.000153 662
0.011183 6
0.000009 290
0.000040 27
0.000006 12
0.000018 212
0.000006 6
0.000011 12
0.000006 21
0.000022 35
0.000007 225
0.000005 33
0.000002 58
0.000025 265
0.000044 78
0.001832 513
0.000036 2550
0.012267 6
0.000355 4095
0.000019 441
0.015089 4095
0.000019 741
0.029279 286
0.000107 12
0.001009 4095
0.000076 415
0.204499 6
0.001349 4095
0.000140 842
0.012472 6
0.000910 348
0.000026 7
0.000015 7
0.000049 75
0.000097 85
0.000024 20
0.000016 76
0.000018 77
0.000016 41
0.000015 49
0.000016 78
0.000016 81
0.000166 171
0.000018 39
0.000011 58
0.000034 76
0.000073 150
0.000067 93
0.000069 74
0.000009 10
0.000053 141
0.000086 145
0.000077 209
0.000098 155
0.000157 128
0.000011 14
0.000212 7
0.015598 105
0.016352 210
0.010685 7
0.000133 98
0.013846 7
0.000021 7
0.000020 7
0.000015 7
0.000016 7
0.000015 7
0.000012 7
0.000015 7
0.000014 7
0.000013 7
0.000015 7
0.000016 7
0.000014 7
0.000014 7
0.000068 7
0.027412 14
0.000185 89
0.234496 6
0.000036 84
0.018372 4095
0.000048 451
0.011718 6
0.000083 218
0.000011 6
0.000044 15
0.000020 6
0.000025 6
0.000031 6
0.000011 238
0.000049 6
0.000021 6
0.000835 6
0.000217 4095
0.000031 134
0.006898 6
0.000072 28
0.000014 6
0.000016 6
0.000012 6
0.000020 219
0.000017 6
0.000016 6
0.000015 6
0.000016 9
0.000016 6
0.000017 6
0.000014 6
0.000018 229
0.000017 6
0.000018 6
0.000017 9
0.000016 24
0.000020 25
0.000016 75
0.000018 81
0.000015 37
0.000014 9
0.000016 17
0.000023 28
0.000019 81
0.000014 82
0.000014 71
0.000017 75
0.000013 10
0.000015 21
0.000018 69
0.000015 69
0.000014 41
0.000019 41
0.000016 50
0.000013 62
0.000014 23
0.000014 72
0.000013 49
0.000012 10
0.000014 29
0.000013 56
0.000013 10
0.000013 25
0.000013 34
0.000014 75
0.000014 70
0.000013 67
0.000013 10
0.000013 18
0.000013 74
0.000054 10
0.000028 81
0.000014 60
0.000012 10
0.000012 6
0.000017 80
0.000013 30
0.000011 9
0.000036 20
0.000016 28
0.000014 73
0.000014 76
0.000013 39
0.000023 9
0.000013 14
0.000013 28
0.000065 76
0.000015 82
0.000013 74
0.000012 77
0.000012 10
0.000012 19
0.000013 68
0.000013 69
0.000013 47
0.000013 10
0.000013 47
0.000014 69
0.000014 71
0.000013 10
0.000017 29
0.000018 72
0.000013 49
0.000013 10
0.000025 24
0.000018 58
0.000016 10
0.000014 21
0.000014 37
0.000016 70
0.000014 70
0.000013 67
0.000013 10
0.000013 18
0.000013 74
0.000013 10
0.000014 81
0.000013 57
0.000013 6
0.000068 6
0.013799 277
0.000014 6
0.000014 6
0.000020 86
0.000022 6
0.000007 6
0.000033 214
0.000010 6
0.000012 6
0.000012 6
0.000006 19
0.000023 12
0.000007 9
0.000026 161
0.000014 90
0.000011 28
0.000012 9
0.000014 24
0.000012 101
0.000007 82
0.000023 48
0.000011 18
0.000013 28
0.000013 81
0.000012 82
0.000014 71
0.000007 75
0.000024 31
0.000010 69
0.000012 69
0.000012 41
0.000012 41
0.000006 50
0.000047 85
0.000010 72
0.000143 49
0.000020 697
0.000012 89
0.000017 72
0.000012 110
0.000010 9
0.000013 20
0.000012 29
0.000010 74
0.000012 77
0.000011 40
0.000010 10
0.000013 14
0.000013 104
0.000005 82
0.000025 151
0.000009 10
0.000012 19
0.000011 68
0.000011 69
0.000012 47
0.000009 57
0.000012 69
0.000019 71
0.000010 10
0.000014 29
0.000011 72
0.000011 49
0.000010 10
0.000016 24
0.000014 58
0.000012 10
0.000034 21
0.000015 37
0.000014 70
0.000022 70
0.000018 67
0.000013 10
0.000099 6
0.000013 6
0.006536 79
0.000012 6
0.000020 6
0.000013 6
0.000008 267
0.000019 12
0.000020 78
0.000018 12
0.000039 277
0.000012 12
0.000004 72
0.000015 70
0.000009 73
0.000012 72
0.000011 17
0.000012 9
0.000013 82
0.000007 79
0.000022 120
0.000012 10
0.000013 25
0.000013 102
0.000032 82
0.000068 613
0.000009 41
0.000012 50
0.000006 62
0.000024 95
0.000011 49
0.000011 10
0.000009 29
0.000011 56
0.000012 10
0.000009 25
0.000010 34
0.000014 6
0.000012 22
0.000010 72
0.000008 72
0.000011 68
0.000010 73
0.000006 69
0.000021 28
0.000010 80
0.000012 73
0.000009 81
0.000010 31
0.000009 10
0.000028 21
0.000007 29
0.000015 74
0.000013 77
0.000011 40
0.000020 24
0.000010 28
0.000009 76
0.000006 82
0.000023 151
0.000012 10
0.000012 19
0.000011 68
0.000010 69
0.000011 47
0.000012 57
0.000009 69
0.000006 71
0.000024 39
0.000003 72
0.000072 184
0.014396 6
0.000028 208
0.000014 6
0.000027 6
0.000005 6
0.000016 68
0.000037 12
0.000025 274
0.000021 6
0.000005 6
0.000020 77
0.000019 12
0.000027 138
0.000003 9
0.000287 4095
0.000007 104
0.028867 27
0.000015 6
0.000060 12
0.000051 208
0.000016 336
0.000016 6
0.000007 14
0.000020 9
0.000013 21
0.000012 79
0.000014 76
0.000012 72
0.000012 66
0.000012 9
0.000013 23
0.000013 73
0.000012 73
0.000013 71
0.000013 74
0.000027 73
0.000013 111
0.000013 80
0.000012 91
0.000012 29
0.000013 10
0.000012 25
0.000013 26
0.000014 76
0.000015 82
0.000011 48
0.000010 18
0.000012 28
0.000012 81
0.000012 82
0.000013 71
0.000011 75
0.000009 10
0.000012 21
0.000012 69
0.000012 69
0.000013 41
0.000012 41
0.000012 50
0.000012 62
0.000015 6
0.000007 75
0.000019 79
0.000009 16
0.000011 9
0.000013 21
0.000012 77
0.000012 71
0.000012 69
0.000012 68
0.000012 10
0.000012 23
0.000012 73
0.000012 73
0.000012 69
0.000012 74
0.000012 70
0.000015 20
0.000013 91
0.000047 73
0.000163 81
0.000026 994
0.218392 6
0.001123 273
0.000046 331
0.000346 4095
0.000125 443
0.021818 4095
0.000140 1145
0.015519 6
0.000053 221
0.000013 6
0.000014 6
0.000011 6
0.000015 71
0.000011 6
0.000014 6
0.000011 6
0.000014 208
0.000011 6
0.000038 6
0.000051 6
0.000016 39
0.000011 6
0.000013 6
0.000012 9
0.000014 71
0.000011 16
0.000010 9
0.000014 87
0.000016 85
0.000016 77
0.000012 79
0.000015 75
0.000343 4066
0.015395 75
0.000348 4095
0.000013 991
0.015500 272
0.000019 6
0.000017 6
0.000340 4095
0.000009 677
0.012934 42
0.000014 6
0.000018 12
0.000021 214
0.000008 6
0.000010 6
0.000008 53
0.000009 6
0.000012 6
0.000015 6
0.000005 254
0.000020 6
0.000007 6
0.000026 62
0.000009 45
0.000011 20
0.000013 9
0.000011 14
0.000013 28
0.000013 70
0.000011 35
0.000012 10
0.000013 69
0.000012 75
0.000013 72
0.000004 63
0.000027 50
0.000012 72
0.000009 17
0.000009 10
0.000017 89
0.000006 86
0.000021 78
0.000007 80
0.000026 95
0.000009 72
0.000012 77
0.000005 81
0.000021 95
0.000010 10
0.000009 22
0.000123 80
0.000059 701
0.000017 187
0.000011 138
0.000008 70
0.000009 63
0.000008 40
0.000009 10
0.000007 72
0.000008 23
0.000009 10
0.000010 72
0.000009 80
0.000009 69
0.000012 95
0.000006 75
0.000022 92
0.000009 75
0.000009 76
0.000011 80
0.000012 17
0.000012 10
0.000026 22
0.000036 78
0.000012 390
0.000058 6
0.000007 6
0.029198 223
0.000020 6
0.000017 6
0.000021 6
0.000012 9
0.000013 6
0.000023 6
0.000008 236
0.000040 6
0.000007 6
0.000018 6
0.000032 70
0.000028 6
0.000007 6
0.000593 4095
0.000025 83
0.202884 6
0.000086 50
0.000043 6
0.000048 6
0.000039 6
0.000063 267
0.000038 6
0.000046 6
0.000063 6
0.000051 9
0.000037 6
0.000041 6
0.000038 6
0.000050 231
0.000037 6
0.000043 6
0.000051 9
0.000063 68
0.000082 50
0.000052 9
0.000048 73
0.000042 29
0.000046 9
0.000047 25
0.001010 70
0.000041 212
0.000068 3068
0.000403 185
0.020582 269
0.000172 4072
0.007926 6
0.000272 3915
0.008858 6
0.000021 218
0.000009 6
0.000006 6
0.000010 6
0.000006 15
0.000036 6
0.000065 265
0.000010 119
0.000006 49
0.000006 32
0.000009 22
0.000007 59
0.000006 47
0.000006 10
0.000007 22
0.000006 62
0.000007 22
0.000006 43
0.000019 120
0.000008 10
0.000010 104
0.000009 10
0.000004 96
0.000021 56
0.000004 54
0.000003 10
0.000017 67
0.000009 10
0.000010 44
0.000009 71
0.000004 45
0.000022 69
0.000003 75
0.000019 135
0.000016 40
0.000006 10
0.000006 72
0.000004 6
0.000036 237
0.000004 21
0.000011 63
0.000015 53
0.000011 19
0.000003 33
0.000015 59
0.000011 21
0.000004 52
0.000003 10
0.000016 20
0.000004 59
0.000003 22
0.000012 33
0.000003 10
0.000013 69
0.000003 51
0.000030 10
0.000004 71
0.000011 32
0.000011 10
0.000011 19
0.000013 132
0.000018 64
0.000004 37
0.000013 33
0.000014 14
0.000100 477
0.011210 3416
0.013370 6
0.001045 3408
0.015532 3488
0.035821 3812
0.202139 79
0.000016 6
0.000055 6
0.000017 6
0.001816 3718
0.013555 4095
0.000022 45
0.018258 3980
0.015968 4095
0.000008 200
0.022358 6
0.000555 4095
0.000010 51
0.259457 294
0.000021 29
0.000013 6
0.000012 6
0.000104 239
0.000026 12
0.000024 17
0.000021 23
0.000023 148
0.000016 69
0.000012 27
0.000011 9
0.000018 14
0.000012 78
0.000063 132
0.000057 93
0.000015 44
0.000146 323
0.000013 10
0.000013 24
0.000012 34
0.000060 141
0.000022 84
0.000025 80
0.000031 65
0.000026 151
0.000027 67
0.000016 59
0.000016 47
0.000068 24
0.000016 82
0.000011 29
0.000012 6
0.000115 257
0.000690 1823
0.011723 23
0.000015 6
0.000016 6
0.000010 6
0.000004 208
0.000018 12
0.000015 6
0.000007 62
0.000019 12
0.000022 279
0.000043 6
0.000008 6
0.001786 62
0.000014 9
0.000012 13
0.000011 34
0.000012 9
0.000012 17
0.000012 23
0.000210 73
0.000058 3554
0.008328 6
0.000034 273
0.000014 76
0.000011 74
0.000012 62
0.000011 9
0.000011 17
0.000011 36
0.000013 9
0.000012 13
0.000010 24
0.000012 72
0.000011 71
0.000012 67
0.000010 19
0.000011 10
0.000010 18
0.000014 88
0.000017 109
0.000012 10
0.000012 14
0.000030 23
0.000014 72
0.000011 36
0.000010 10
0.000011 25
0.000012 78
0.000012 78
0.000011 74
0.000011 58
0.000010 10
0.000011 14
0.000011 37
0.000012 74
0.000011 70
0.000041 74
0.000012 10
0.000013 80
0.000012 6
0.000010 6
0.000013 6
0.000014 31
0.000008 6
0.000029 12
0.000009 212
0.000010 6
0.000017 6
0.000005 6
0.003347 9
0.000071 6
0.000008 23
0.000130 31
0.000117 71
0.000160 81
0.000021 1902
0.000033 53
0.000012 295
0.000005 18
0.000013 37
0.000011 10
0.000120 1408
0.012876 6
0.000054 164
0.000020 6
0.000027 6
0.000020 6
0.000087 237
0.000071 36
0.000015 12
0.000017 6
0.000015 208
0.000016 6
0.000020 6
0.000008 22
0.000042 188
0.000028 9
0.000020 17
0.000016 31
0.000016 76
0.000018 82
0.000020 75
0.000021 63
0.000019 10
0.000021 14
0.000018 35
0.000019 10
0.000019 18
0.000020 24
0.000011 74
0.000278 2899
0.010200 278
0.000084 379
0.000024 12
0.000032 6
0.000006 66
0.000011 6
0.000020 78
0.000035 76
0.000011 145
0.000008 19
0.000014 25
0.000008 164
0.000024 28
0.000009 32
0.000014 77
0.000010 82
0.000005 75
0.000019 73
0.000009 14
0.000012 35
0.000012 28
0.000010 24
0.000010 74
0.000012 76
0.000009 70
0.000009 29
0.000008 10
0.000010 15
0.000012 78
0.000012 107
0.000009 10
0.000009 15
0.000009 18
0.000009 75
0.000012 34
0.000123 610
0.000016 66
0.000005 70
0.000017 74
0.000014 73
0.000005 49
0.000035 27
0.000009 38
0.000029 167
0.000014 10
0.000018 46
0.000007 75
0.000022 77
0.000019 75
0.000009 73
0.000014 18
0.000012 37
0.000010 10
0.000013 14
0.000013 24
0.000010 72
0.000014 71
0.000021 67
0.000097 399
0.000005 35
0.000014 78
0.000027 78
0.000127 86
0.016482 83
0.000034 6
0.000014 6
0.000013 6
0.000021 270
0.000015 6
0.000017 6
0.000014 6
0.000016 70
0.000013 6
0.000018 6
0.000019 6
0.000020 219
0.000024 6
0.000529 3941
0.206998 232
0.001259 42
0.000142 4095
0.000110 447
0.013393 83
0.002336 4095
0.000039 843
0.010725 232
0.000012 48
0.000041 299
0.000036 89
0.000010 114
0.000007 79
0.000160 372
0.000016 885
0.000019 175
0.000007 50
0.000043 307
0.000013 59
0.000014 48
0.000013 352
0.000014 121
0.000014 156
0.000015 235
0.000014 179
0.000014 106
0.000014 150
0.000014 211
0.000014 199
0.000013 69
0.000013 177
0.000013 46
0.000014 227
0.000025 91
0.000012 61
0.000012 6
0.000095 6
0.004193 6
0.000009 80
0.000006 6
0.000059 220
0.000011 349
0.000005 6
0.000006 6
0.000024 128
0.000006 76
0.000005 77
0.000015 72
0.000006 42
0.000008 80
0.000008 162
0.000017 173
0.000006 43
0.000008 10
0.000006 126
0.000066 110
0.000007 69
0.000006 154
0.000014 144
0.000006 77
0.000006 79
0.000005 60
0.000006 10
0.000005 20
0.000005 26
0.000024 175
0.000004 18
0.000005 32
0.000004 77
0.000004 82
0.000005 75
0.000004 63
0.000004 16
0.000015 152
0.000005 39
0.000004 9
0.000005 80
0.000004 76
0.000004 77
0.000005 112
0.000004 10
0.000004 77
0.000004 81
0.000005 81
0.000004 78
0.000004 78
0.000004 43
0.000011 150
0.000004 21
0.000005 71
0.000013 72
0.000005 218
0.000004 71
0.000004 75
0.000005 74
0.000004 50
0.000004 10
0.000005 59
0.000015 177
0.000004 46
0.000015 152
0.000004 138
0.000004 6
0.000064 6
0.010854 281
0.000022 6
0.000019 6
0.000036 6
0.000013 9
0.000009 12
0.000016 6
0.001629 229
0.000043 18
0.000301 4095
0.000007 808
0.016313 15
0.000015 6
0.000307 6
0.000076 4095
0.000011 1280
0.030639 6
0.000070 234
0.000092 6
0.000085 6
0.000077 6
0.000041 9
0.000039 6
0.000036 6
0.000101 6
0.000054 214
0.000032 6
0.000033 6
0.000052 84
0.000122 6
0.000034 33
0.000038 38
0.000030 80
0.000035 90
0.000030 55
0.000018 76
0.000078 134
0.000028 74
0.000658 75
0.000079 4095
0.000013 38
0.526534 74
0.000672 8
0.000835 78
23.430010 11
0.331994 41
0.461231 41
0.283395 11
0.003965 222
0.009786 2594
21.943172 16
0.000630 10
0.000025 58
0.000494 8
0.000023 78
1.737940 22
0.653976 37
0.006333 98
0.000025 86
221.220495 1
0.174466 1
0.282122 1
0.130819 1
0.142694 1
0.743481 4
0.125924 4
0.246264 1
0.058878 1
0.673190 1
27.322654 1
0.255407 1
0.127066 1
0.083989 1
0.147261 1
0.061999 1
0.136928 1
0.632901 4
0.502384 4
0.033136 4
0.030608 4
0.039796 4
0.020255 4
0.033969 4
0.024938 4
0.028352 4
0.027898 4
0.030012 4
0.031107 4
0.036176 4
0.032598 1
0.018771 1
0.035970 1
0.028135 1
0.025808 1
0.053227 1
0.178299 1
0.064910 1
0.115836 1
0.165542 1
0.124478 11
0.002755 11
0.000080 86
0.499996 1
0.193751 1
0.187312 1
0.363515 1
0.103295 1
0.203910 1
0.235936 1
0.166637 1
0.074242 1
0.101222 1
0.098280 1
0.112119 1
0.076963 1
0.316870 11
0.013142 8
0.000378 78
8.183386 1
0.080311 1
0.589696 1
0.167240 1
0.204211 1
0.063991 1
0.173981 1
0.434572 1
0.117777 1
0.113031 1
0.495895 113
19.201687 1
0.068458 1
0.111511 1
0.441041 11
0.000368 122
5.898324 1
0.049051 1
0.347732 1
0.196919 1
0.127714 1
1.349635 97
43.644499 1
0.117858 1
0.167439 1
0.438561 21
0.004050 2
0.000198 86
110.466747 1
0.150561 1
0.032347 1
0.141690 1
0.148452 1
0.100159 11
0.003294 11
0.000648 86
0.816981 12
0.488505 6
0.000751 11
0.008134 188
42.472955 12
4.103824 8
0.000261 9
0.008779 20
0.000024 78
91.383237 1
0.247089 1
0.101618 1
0.142026 1
0.161658 1
0.108117 11
0.003272 11
0.002622 86
3.968565 13
0.447803 8
0.000050 2
0.000018 9
0.000127 2
0.000007 8
0.000048 78
7.025467 19
0.467148 31
0.000195 93
9.804577 18
0.501556 29
0.152757 47
0.000143 8
0.000006 78
6.210152 19
0.408561 38
0.000067 8
0.000042 78
7.444256 19
0.455255 22
0.000043 9
0.087948 231
0.008468 8
0.000176 78
10.717846 26
0.447517 145
6.365951 15
0.481040 23
0.083928 144
0.000240 86
1.596585 1
0.174483 1
0.081302 1
0.554497 1
0.154937 1
0.101484 1
0.137510 1
0.112148 1
0.314342 1
0.231236 1
0.162534 1
0.077759 1
0.195316 1
0.186702 1
0.096762 1
0.137001 1
1.362790 1
0.224614 1
0.197982 1
0.124685 1
0.145233 1
0.132171 1
0.325490 4
0.150047 4
0.144997 4
0.148568 4
0.127475 4
0.233865 1
1.237474 1
0.612573 1
1.108277 1
0.257780 1
0.086006 1
0.132124 1
0.127384 1
0.097350 1
0.170541 1
0.210966 11
0.024434 33
1.412412 2
0.031683 50
0.022830 114
0.003589 132
0.031916 134
0.106127 154
0.008748 138
0.221390 93
0.033510 196
0.028066 63
0.000019 147
0.009090 33
0.502290 33
0.247542 191
0.003355 154
0.291269 16
0.019476 115
0.003570 439
0.015505 44
0.030391 44
0.027290 44
0.018164 44
0.023129 44
0.018101 44
0.027776 44
0.019063 44
0.029863 44
0.048079 731
0.004349 67
0.030326 226
0.038075 74
0.005129 226
0.006288 226
0.007071 82
0.406780 20
0.924179 86
4.665080 21
1.127002 35
0.002230 248
0.000254 86
2.631732 12
0.210994 39
0.412651 82
0.430334 11
0.002415 86
5.417015 1
1.308800 21
0.568207 26
0.000027 9
0.075956 44
0.008124 8
0.000026 78
313.236908 1
0.124348 1
0.073287 1
0.124870 1
0.159386 1
0.111923 11
0.002821 11
0.000477 86
0.724464 18
0.819807 29
0.041449 25
0.008496 200
0.000018 2
0.000015 3
0.000009 2
0.000010 15
0.000010 2
0.000009 42
0.000008 2
0.000008 3
0.000010 2
0.000008 19
0.000010 2
0.000008 45
0.000011 2
0.000008 3
0.000010 2
0.000010 22
0.000010 2
0.000009 81
0.000011 2
0.000008 3
0.000010 2
0.000010 36
0.000010 2
0.000011 115
0.000010 2
0.000008 3
0.000015 2
0.000010 44
0.000011 2
0.000008 38
0.000010 2
0.000010 3
0.000010 2
0.000008 41
0.000012 2
0.000010 48
0.000010 2
0.000008 3
0.000011 2
0.000013 47
0.000012 2
0.000010 41
0.000010 2
0.000010 3
0.000008 2
0.000010 47
0.000009 2
0.000010 41
0.000008 2
0.000009 3
0.000010 2
0.000008 40
0.000008 2
0.000008 7
0.000035 41
0.000008 2
0.000007 3
0.000008 2
0.000008 42
0.000007 2
0.000008 56
0.000008 2
0.000007 3
0.000008 2
0.000008 50
0.000008 2
0.000008 59
0.000007 2
0.000008 3
0.000008 2
0.000007 49
0.000008 2
0.000008 43
0.000007 2
0.000027 3
0.000008 2
0.000011 52
0.000010 2
0.000008 3
0.000010 2
0.000010 27
0.000009 2
0.000009 52
0.000009 2
0.000010 3
0.000010 2
0.000008 17
0.000010 2
0.000008 72
201.256781 81
0.782497 28
0.005551 8
0.000025 78
0.183285 1
0.503789 4
1.009762 1
0.084778 1
0.115508 1
0.115711 1
0.163907 1
0.091372 2
0.000741 9
0.003818 11
0.000031 86
0.418122 1
0.205298 1
0.171187 1
0.103968 1
0.126992 1
0.411739 1
0.205543 1
4.556500 1
0.709088 11
0.096701 43
0.008665 86
6.976943 1
0.209200 1
0.107577 1
0.097242 1
0.106511 1
0.320096 1
0.274845 1
0.239851 1
0.397524 2
0.000643 9
0.008240 15
0.000186 88
6.261729 8
0.459412 4
0.301778 1
0.364319 2
0.000566 9
0.004099 161
0.000067 8
0.000034 78
1.727186 8
0.335078 4
0.349668 1
0.810081 11
0.002952 11
0.000034 86
1.059773 1
0.143789 1
0.080438 1
0.131375 1
0.206498 1
0.629197 2
0.000438 9
0.001823 11
0.000269 86
0.243333 5
0.168811 13
0.172008 2
0.539564 2
0.516916 11
0.004739 17
0.000336 8
0.000019 78
0.284725 8
0.173475 17
0.160183 13
1.670278 11
0.001823 11
0.000416 8
0.000740 78
6.485574 8
0.479714 4
0.107892 1
0.280729 11
0.001874 19
0.000597 86
4.285903 8
0.381828 4
0.382273 1
0.373738 11
0.001461 6
0.000163 2
0.000278 86
178.380327 1
0.187981 1
0.068362 1
0.160821 1
0.191132 1
0.258136 2
0.001293 9
0.001704 11
0.000386 86
0.947025 25
0.975474 34
0.000024 9
0.002227 10
0.000607 8
0.002407 78
13.726120 34
6.152762 61
0.001049 27
0.000329 78
46.299972 78
1.381787 145
0.500955 4
0.028953 4
0.031147 4
0.037259 4
0.029645 4
0.026995 4
0.025938 4
0.030413 4
0.029484 4
0.030008 4
0.030147 4
0.036241 4
0.023204 4
0.042509 4
0.018993 4
0.031282 4
0.026324 4
0.031378 4
0.030633 4
0.031855 4
0.032580 4
0.029650 4
0.032129 4
0.023646 4
0.033066 4
0.028356 4
0.030668 4
0.027372 4
0.029154 4
0.036148 4
0.033024 4
0.027022 4
0.037024 4
0.024118 4
0.030491 4
0.021951 4
0.031374 4
0.033044 4
0.033254 4
0.025282 4
0.036640 4
0.029132 4
0.025023 4
0.038404 4
0.023429 4
0.029869 4
0.024406 4
0.031766 4
0.033983 4
0.032786 1
0.022264 1
0.038660 1
0.026130 1
1.058019 2
0.433491 5
0.651327 78
0.840823 145
0.500827 4
0.030353 4
0.031517 4
0.032461 4
0.030712 4
0.024242 4
0.033537 4
0.026729 4
0.032156 4
0.030075 4
0.030888 4
0.029825 4
0.026640 4
0.036330 4
0.024364 4
0.033524 4
0.028683 4
0.028345 4
0.031953 4
0.027056 4
0.029666 4
0.039074 4
0.025988 4
0.024989 4
0.035702 4
0.025776 4
0.029015 4
0.030285 4
0.030288 4
0.033985 4
0.027944 4
0.032240 4
0.028834 4
0.032859 4
0.027914 4
0.026082 4
0.032237 4
0.027141 4
0.033087 4
0.027546 4
0.028483 4
0.032568 4
0.030206 4
0.030550 4
0.028272 4
0.029492 4
0.030407 4
0.029625 4
0.034698 4
0.029367 1
0.027428 1
0.030364 1
0.029411 1
0.029185 1
61.479489 81
4.057991 161
0.002345 65
0.000682 8
0.000351 78
68.005022 81
1.449271 144
0.504103 1
0.028617 1
0.029063 1
0.046753 1
0.025344 1
0.022457 1
0.047390 1
0.007177 1
0.029739 1
0.183274 1
0.371761 3
0.580680 23
0.512134 23
0.017251 23
0.033489 23
0.032303 23
0.026471 23
0.027855 23
0.035566 23
0.028213 23
0.026299 23
0.033816 23
0.154567 23
0.183905 23
0.192981 23
0.316068 23
0.555058 1
0.511343 1
0.022140 1
0.031029 1
0.027952 1
0.033808 1
0.029207 1
0.024487 1
0.029701 1
0.031288 1
0.032063 1
0.033391 1
0.642785 3
0.198576 3
0.416090 43
0.191100 43
0.158979 43
0.170053 43
0.148685 43
0.142328 43
0.153601 43
0.158990 43
0.277433 43
0.790033 12
0.001808 12
0.000008 10
0.000127 86
45.252444 12
0.774596 8
0.000669 9
0.008232 30
0.000011 182
0.000881 8
0.000159 78
21.031496 83
0.000085 83
1.973831 1
0.239659 1
0.340699 1
0.656244 4
0.140905 4
0.192469 4
0.222222 1
0.547639 1
0.143344 1
0.102059 1
0.237370 1
0.967152 1
0.279677 1
1.862483 1
0.384219 1
1.651852 1
0.304855 1
0.236581 1
0.201006 1
0.303545 4
0.171695 4
0.146245 4
0.091099 1
0.222828 1
0.231512 1
0.220216 1
0.719808 1
0.407863 1
2.824465 1
2.824096 1
0.613650 1
1.033186 1
0.331820 1
0.364843 1
0.275639 1
0.594301 1
0.314686 1
0.757268 1
0.276155 1
0.241221 1
0.307004 1
0.166197 1
0.126108 1
4.010844 1
0.695493 1
1.656007 11
0.005687 295
3.882789 83
59.807335 1
0.090797 1
0.070660 1
0.156583 1
0.150887 1
0.103211 11
0.003030 11
0.000409 8
0.000275 78
0.938942 20
1.514225 100
0.001450 2538
21.982809 22
0.000042 1
0.828605 103
0.002477 56
0.000410 8
0.002160 78
18.147514 11
0.418540 1
0.505470 1
0.136807 1
0.184017 1
0.162913 1
0.540169 15
0.360534 11
0.515243 2
0.000664 9
0.002267 51
0.000067 163
0.006509 221
0.000451 86
4.770100 1
0.225794 1
0.411563 1
0.170528 1
0.156631 1
0.165856 2
0.002907 9
0.000029 11
0.000376 86
0.579391 5
0.190319 14
0.163168 22
0.694326 15
0.474816 11
0.003168 229
0.000020 136
0.000010 68
0.000049 136
0.000012 66
0.000009 2
0.000043 81
0.000009 2
0.000010 108
0.000009 2
0.000011 66
0.000008 2
0.000013 66
0.000009 2
0.000153 134
0.000195 226
0.004188 108
0.000271 1018
0.000184 86
39.856848 1
0.078562 1
0.124713 1
0.106001 1
0.302483 1
0.200936 1
0.265067 1
0.235323 1
0.267705 4
0.146854 4
0.250586 1
0.228636 1
0.167406 1
0.114159 1
0.656760 1
0.209918 1
0.410566 11
0.002995 529
0.000057 1455
0.000536 8
0.000346 78
22.207862 12
0.179958 1
0.510615 1
0.021673 1
0.032500 1
0.139963 1
0.536028 15
0.240121 11
0.365594 11
0.002584 1984
0.000361 86
66.882164 1
0.200322 1
0.318610 1
0.161378 1
0.180714 1
0.121556 11
0.002877 11
0.000307 86
5.615175 2
0.246621 5
0.251030 1
0.527986 17
0.489828 18
0.000014 9
0.002638 5
0.000357 86
27.756643 1
0.184243 1
0.224861 1
0.412471 1
0.220358 1
0.222746 1
0.094797 1
0.295870 1
0.531193 1
0.141406 1
0.152956 1
0.116517 1
0.116788 1
0.341832 1
0.189212 1
0.141890 1
0.188043 1
0.171269 1
0.494276 11
0.002102 32
0.002496 2420
0.002362 2452
0.002237 8
0.000038 78
2.564336 83
0.000267 83
78.665792 83
8.091542 83
2.207463 139
2.578358 122
0.001639 109
0.002014 32
0.001080 2538
30.683470 1
0.709932 1
0.133170 1
0.092786 1
0.182089 1
0.173942 1
0.139943 1
0.081521 1
0.192192 1
0.179207 1
0.236930 11
0.010006 57
0.000055 8
0.000056 78
99.864102 1
0.336685 4
0.198864 1
0.222248 1
0.279846 4
0.228132 1
0.075401 1
0.135557 1
0.164377 1
0.118976 2
0.001229 9
0.002165 11
0.000706 86
0.360261 1
0.096044 1
0.202586 1
0.203363 1
0.874656 1
0.161347 1
0.424988 2
0.000012 9
0.009076 8
0.000212 78
0.616027 1
0.152744 1
0.204324 1
0.302690 1
0.398134 2
0.000038 9
0.002047 4
0.000198 2
0.001057 86
0.937041 1
0.128361 1
0.190813 1
0.199188 1
0.201187 1
0.197336 1
0.392423 11
0.001325 8
0.000817 78
0.355401 1
0.080931 1
0.175109 1
0.184108 1
0.244189 2
0.000649 9
0.002370 8
0.000536 86
5.835095 1
0.353764 1
0.184655 1
0.074925 1
0.181590 1
0.134561 1
0.100332 1
0.097539 1
0.171459 1
0.172708 1
0.279279 2
0.000969 9
0.002237 7
0.000130 50
0.000347 8
0.003048 78
25.644755 1
0.074031 1
0.130515 1
0.188773 1
0.303449 11
0.082358 113
0.000039 28
0.007359 8
0.000029 78
8.828194 1
0.148493 1
0.107068 1
0.142659 1
0.095041 1
0.178550 1
0.101679 1
0.140996 1
0.177207 1
0.096044 1
0.199755 1
0.094808 1
0.196706 1
0.184247 1
0.097970 1
0.134405 1
0.162257 1
0.348580 1
0.261988 1
0.233074 1
1.528436 1
0.184035 1
0.107535 1
0.221077 1
0.114126 1
0.875870 2
0.001011 9
0.027713 33
2.908381 2
0.047855 50
0.016899 114
0.002178 132
0.037469 134
0.105279 217
0.004309 75
0.120068 71
0.001632 86
0.653192 25
0.538353 1
0.510140 1
0.226926 1
0.170666 1
0.157328 1
0.143027 1
0.149804 1
0.224324 15
1.723802 11
0.014309 50
0.011536 114
0.001382 132
0.033848 134
0.107128 217
0.000874 75
0.154900 97
0.000872 157
0.001207 240
0.066342 79
0.003869 167
0.039239 197
0.035158 251
0.679437 2
0.004580 33
0.500150 33
0.500248 60
0.015324 249
0.015820 69
0.023863 177
0.196656 268
0.000865 239
0.019310 205
0.515417 58
0.500224 58
0.186726 629
0.000353 305
0.015740 49
0.000020 217
0.066349 207
0.000892 243
0.230451 255
0.004842 217
0.087939 144
0.000034 202
0.023107 73
0.502174 76
0.605633 141
0.500822 118
0.505350 53
0.021441 345
0.035284 10
0.000008 192
0.000019 235
0.001963 86
2.299829 26
0.361977 19
0.343699 32
0.535464 11
0.065503 141
0.012326 86
3.865699 4
0.534659 30
5.828221 4
0.507342 4
0.022640 4
0.042473 4
0.026854 4
0.020455 4
0.031372 4
0.027840 4
0.032649 4
0.029817 4
0.036868 4
0.021900 4
0.033512 4
0.033626 4
0.025803 4
0.035259 4
0.021414 4
0.031687 4
0.029672 4
0.033308 4
0.032965 4
0.024237 4
0.042451 4
0.016666 4
0.028738 4
0.035607 4
0.027520 1
0.027694 1
0.028855 1
0.325303 1
0.243977 1
30.192974 1
0.279352 1
0.482549 1
0.205021 1
0.258040 1
3.552505 4
0.505698 4
0.029966 4
0.029498 4
0.032438 4
0.030202 1
0.020516 1
0.033229 1
0.028137 1
0.033625 1
20.445487 1
0.134450 1
0.069683 1
0.159384 1
0.118581 1
0.139302 1
0.145358 1
0.141754 1
0.184190 1
0.154507 1
0.210813 1
0.189026 1
0.228995 1
0.265010 1
0.262391 1
0.070932 1
0.147341 1
0.229124 1
0.221078 1
0.427039 11
0.063545 167
0.006032 168
0.018197 24
0.394131 25
0.001076 551
0.026022 104
0.003442 388
0.019079 99
0.000014 63
0.028951 64
0.046287 107
0.019303 209
0.033887 150
0.039681 294
0.064507 103
0.003275 99
0.001532 187
0.000072 2
0.000058 195
0.037907 288
0.041051 414
0.000842 100
0.000006 95
0.000035 100
0.000015 63
0.004741 93
0.023296 258
0.023893 165
0.000096 96
0.001272 97
0.000048 66
0.069563 153
0.003805 96
0.000026 77
0.000024 74
0.000026 98
0.009917 296
0.000008 99
0.000004 100
0.000028 101
0.000030 100
0.000013 95
0.000075 97
0.000014 58
0.000023 60
0.000018 96
0.000039 2
0.000005 97
0.067446 271
0.026461 278
0.000277 278
0.000272 174
0.033085 153
0.003228 344
0.029172 298
0.042358 162
0.007078 250
0.011694 167
0.002556 101
0.023488 172
0.000081 103
0.028150 300
0.031658 272
0.002523 169
0.014569 424
0.004547 1268
0.000017 204
0.000110 104
0.000191 132
0.000019 91
0.000037 103
0.001185 102
0.000007 65
0.000019 67
0.000022 93
0.000125 68
0.000858 76
0.000018 100
0.000648 101
0.000006 95
0.000014 2
0.001621 563
0.000659 76
0.000012 106
0.000063 306
0.000016 69
0.000102 106
0.000231 108
0.000418 109
0.000021 181
0.000598 107
0.000011 533
0.006440 234
0.000131 248
0.002411 145
0.000042 385
0.000136 151
0.000020 172
0.000080 102
0.000219 205
0.000024 300
0.000342 750
0.000078 102
0.000291 177
0.000061 105
0.000196 180
0.000068 107
0.000172 182
0.000058 99
0.000862 491
0.000096 309
0.000179 402
0.000115 158
0.005207 159
0.000062 100
0.001237 67
0.001529 102
0.000325 97
0.000337 97
0.000041 65
0.000326 167
0.000223 102
0.079275 59
0.059293 25
0.115123 115
0.000107 38
0.404074 63
0.001862 28
0.062415 44
0.084658 134
0.000037 86
0.021834 560
0.022984 102
0.000129 68
0.005115 104
0.000249 66
0.000639 102
0.139775 225
0.000113 67
0.004993 575
0.002494 276
0.064914 96
0.005258 66
0.021168 170
0.000303 104
0.000091 66
0.000068 102
0.048929 174
0.000370 68
0.060048 235
0.002368 376
0.008202 115
0.000889 76
0.019290 77
0.000147 123
0.008408 124
0.538318 46
0.353951 90
0.008147 74
0.001696 118
0.193080 45
0.000901 178
0.205949 91
0.001188 431
0.000045 46
0.000133 28
0.005675 55
0.001187 35
0.000495 61
0.000226 37
0.000743 38
0.000094 25
0.000192 35
0.000711 36
0.000130 103
0.000175 2
2.174926 50
0.007022 50
0.007818 50
0.031332 50
0.000044 50
0.004367 50
0.000048 50
0.005068 50
0.000043 50
0.002883 50
0.000039 50
0.000051 50
0.000035 50
0.001013 50
0.000040 50
0.371248 51
0.000044 51
0.021916 51
0.000058 51
0.063000 51
0.000063 51
0.008938 51
0.000019 51
0.001458 51
0.000168 51
0.004452 102
0.032498 102
0.005036 102
0.020971 102
0.001944 102
0.032638 102
0.004611 204
0.005108 102
0.001101 204
0.000524 51
0.000035 51
0.002023 102
0.011420 102
0.012092 102
0.000747 51
0.000038 51
0.006661 102
0.010162 102
0.003243 51
0.002047 153
0.029038 102
0.005993 51
0.054002 62
0.023296 86
0.550775 19
0.210420 26
0.395765 30
0.557626 11
0.034263 50
0.010764 114
0.004389 132
0.037758 134
0.126032 217
0.000903 75
0.162574 97
0.001073 157
0.001182 240
0.133139 79
0.000617 165
0.000019 2
0.042377 195
0.000024 2
0.027199 66
0.000024 2
0.000034 145
0.000020 2
0.000034 34
0.000025 9
0.577123 2
0.004590 34
0.550096 34
0.260008 185
0.023022 142
0.287100 70
0.039900 265
0.000589 2048
0.000070 1750
1.550181 119
0.219193 121
0.208765 140
1.588136 133
0.244003 124
0.159655 122
0.155867 125
0.269391 65
0.070320 16
0.030111 557
0.021026 44
0.027703 44
0.029501 44
0.024138 44
0.024650 44
0.023183 44
0.023940 44
0.027194 44
0.024565 44
0.051874 273
0.000674 226
0.005204 224
0.000033 2
0.005402 66
0.027021 226
0.038284 160
0.000795 226
0.130413 60
0.172526 226
0.020391 76
0.007259 327
0.003601 74
0.018019 226
0.037383 168
0.000170 226
0.010899 65
0.000026 2
0.022139 64
0.000006 162
0.021170 84
0.009357 322
0.002260 73
0.585218 226
0.028862 398
0.003255 68
0.024463 226
0.024544 392
0.003501 65
0.027894 226
0.030055 80
0.005036 101
0.000052 226
0.001952 78
0.019747 226
0.029353 181
0.000099 226
0.002621 70
0.000757 2
0.045931 226
0.036751 396
0.016888 65
0.000029 2
0.015383 64
0.000858 162
0.038745 86
0.000111 106
0.000096 2
0.000132 226
0.003361 85
0.053671 226
0.022374 76
0.007295 96
0.000159 64
0.000110 162
0.003259 73
0.024497 226
0.024308 86
0.007021 167
0.000289 160
0.000009 2
0.007938 78
0.045630 226
0.034064 169
0.000023 226
0.005553 65
0.038781 226
0.038466 74
0.018645 226
0.025208 182
0.003204 226
0.002739 92
0.001931 226
0.001701 226
0.002264 80
0.002136 226
0.002585 226
0.005762 72
0.006041 226
0.006896 226
0.005504 79
0.004348 226
0.002783 64
0.000008 162
0.005428 75
0.009238 224
0.000020 2
0.008544 226
0.006616 74
0.004780 64
0.000022 160
0.000027 2
0.005700 64
0.000039 160
0.000029 2
0.003448 85
0.002269 226
0.006926 226
0.004026 71
0.000022 2
0.010849 64
0.000616 162
0.015114 226
0.002986 81
0.003202 64
0.000023 162
0.002166 226
0.011947 80
0.005770 226
0.008294 226
0.004260 67
0.040389 226
0.143786 78
0.005087 67
0.001711 2
0.056911 80
0.003873 220
0.032973 87
0.024728 38
0.030590 78
0.002181 70
0.039614 43
0.005073 324
1.740322 121
0.001573 2
3.333618 226
0.008697 85
0.011498 226
0.007368 224
0.000011 2
0.005416 72
0.006387 226
0.008165 170
0.005621 21
0.000008 152
0.005658 185
0.004302 185
0.003235 182
0.005507 182
0.003242 175
0.003437 226
0.008636 86
0.141950 73
0.069973 82
0.755254 85
0.150290 20
1.061825 86
0.481834 1
0.151930 1
0.106647 1
0.152921 1
0.181089 1
0.134123 2
0.000658 9
0.011441 11
0.000247 86
0.358265 5
0.221744 31
0.180794 33
0.508304 26
0.363005 30
0.724750 80
0.369718 11
0.024461 165
0.001701 86
36.591571 1
0.463300 1
0.172324 1
0.086419 1
0.378372 11
0.041085 86
5.871133 1
0.314847 1
0.487640 11
0.001963 2
3.650398 1
0.188075 1
0.292984 1
0.144284 1
0.285137 2
0.001121 8
0.000756 78
18.116678 1
0.263298 1
0.345083 1
0.123972 1
0.526384 2
0.000024 13
0.002768 2
0.000034 86
183.010650 2
0.085660 2
0.530674 4
0.133245 4
0.654086 1
0.060377 1
0.532056 11
0.033118 93
0.000562 86
68.530479 1
0.230938 1
0.347398 1
0.124093 1
1.994435 11
0.000032 6
