0.020811 86
1.785257 4
0.154707 15
0.155667 52
0.151007 98
0.142996 48
0.160129 80
0.164799 10
0.168197 6
0.189434 8
0.208805 9
0.245509 31
0.290599 33
0.322649 26
0.317885 30
0.254567 80
0.211923 23
0.141906 29
0.247511 81
0.347619 13
0.306455 8
0.320566 10
0.337916 6
0.309073 42
0.936822 108
0.577238 48
1.859359 11
0.017322 33
3.869502 2
0.003498 74
0.000899 86
0.837169 38
0.410714 80
0.351338 15
0.306498 52
0.482519 98
0.495285 48
1.012570 108
0.520298 48
0.310352 108
2.161355 11
0.041838 74
0.004734 86
0.964239 20
0.270136 48
0.348997 80
0.371762 15
0.325428 52
0.914192 98
0.622642 61
0.526814 87
2.045681 11
0.008918 14
3.292781 2
0.040362 155
0.017099 2
15.604608 1
0.096958 1
0.231998 1
0.175257 1
0.184094 1
0.199385 1
0.415498 2
0.007600 69
4.589839 2
0.039564 25
11.703732 2
0.000295 158
35.030457 160
90.252345 116
1.132283 1
0.044832 1
0.294133 165
0.000296 2
0.070886 3
0.199838 3
2.428785 1
0.527127 3
2.785610 1
0.234645 1
0.304252 1
0.989292 3
0.185219 3
0.136299 3
0.500492 1
0.197823 1
0.096768 1
0.198513 1
0.200277 2
0.003599 86
5.563062 1
0.156952 1
0.075130 1
0.149616 1
0.805641 1
0.239197 1
0.154880 1
0.285788 1
0.292162 1
0.216794 1
0.215839 1
0.366177 1
0.219300 1
0.798694 1
0.159739 1
0.150999 1
0.190895 1
0.251101 1
0.322971 1
0.595740 1
2.550668 1
0.918012 1
0.362099 1
0.277633 1
0.219098 1
0.201902 1
0.139686 1
0.325987 1
0.277572 1
0.199890 1
0.092839 1
0.352613 11
0.032614 8
0.000102 78
18.581639 1
0.064981 1
0.231659 1
0.583092 1
0.198625 1
0.152632 1
0.113257 1
0.154517 1
0.779570 1
0.217412 1
0.171888 1
0.370863 4
0.127149 1
0.122523 1
0.119947 1
0.125428 1
1.313780 1
3.298331 11
0.576294 90
0.000993 704
0.007288 86
3.519138 15
0.217274 1
0.506954 1
0.035171 1
0.028056 1
0.029416 1
0.031295 1
0.030563 1
0.027012 1
0.021667 1
0.030863 1
0.169844 1
0.193550 1
0.158099 1
0.298180 5
0.420442 11
0.011654 234
1.911779 1
0.373463 1
0.133482 1
0.125720 1
0.131532 1
2.489996 1
0.362180 33
1.331823 2
0.000909 35
0.694439 2
0.000144 37
0.512186 2
0.000076 18
0.646176 2
0.031869 86
45.413190 1
0.204230 1
0.112737 1
0.157025 1
0.352212 1
0.300715 1
0.115799 1
0.211579 1
0.188005 1
0.205984 1
0.226633 1
0.144630 1
0.786358 1
0.353382 1
0.431676 1
0.600131 1
0.228699 1
0.149081 1
0.119364 1
0.202604 1
0.233927 1
0.200629 1
0.174886 1
0.156475 1
0.136015 1
0.128621 1
0.145472 1
0.091458 1
1.897319 11
0.050732 86
15.695208 1
0.221823 1
0.080358 1
0.159052 1
0.147014 1
0.278294 1
0.150631 1
0.231555 1
0.195054 1
0.207330 1
0.401885 1
0.116545 1
1.107699 1
0.245250 1
0.261041 1
0.347475 1
0.341076 1
0.224263 1
0.116768 1
0.192178 1
0.095493 1
0.786899 1
0.306047 1
0.208582 1
0.234159 1
0.222131 1
0.270422 1
1.091385 1
0.217996 1
0.169410 1
0.171097 1
0.217896 1
0.237066 1
0.528239 11
0.033626 86
17.384580 1
0.557761 1
0.095120 1
0.150940 1
0.190568 1
0.287853 1
0.212965 1
0.248006 1
0.233671 1
0.320701 4
0.152681 4
0.156486 4
0.451340 4
0.210913 1
0.209492 1
0.261470 1
0.195038 1
0.307140 1
0.751055 1
0.242429 1
0.211518 1
0.480479 1
0.229021 1
0.186617 1
0.135255 1
0.388285 1
0.409710 1
0.230573 1
0.576767 11
0.031790 86
9.650065 1
0.187958 1
0.084449 1
0.172598 1
0.286574 1
0.916746 1
0.114268 1
0.211074 1
0.175224 1
0.136933 1
0.243647 1
0.386889 1
0.231576 1
0.091580 1
0.419129 1
0.865846 1
0.195333 1
0.155306 1
0.127424 1
0.208784 1
0.264370 1
0.763517 1
0.140486 1
0.196040 1
0.187027 1
0.318768 1
0.193790 1
0.216919 1
0.569073 11
0.008198 6
0.000501 44
0.000125 8
0.000560 78
0.987192 28
0.184770 1
0.509767 1
0.033544 1
0.018954 1
0.032929 1
0.031556 1
0.026376 1
0.028607 1
0.028709 1
0.031458 1
0.036273 1
0.029432 1
0.032917 1
0.125802 1
0.183586 1
0.152950 1
0.144862 1
0.249455 5
0.382738 2
0.001012 9
0.039411 86
12.860728 1
0.168180 1
0.142306 1
0.141594 1
0.599153 1
0.443051 1
0.311671 1
0.196499 1
0.289132 1
0.168968 1
0.606503 1
0.808373 1
0.796764 1
0.316350 1
0.284088 1
0.714657 1
0.166489 1
0.249876 1
0.102339 1
0.199085 1
0.238925 1
0.695800 1
0.253932 1
0.187007 1
0.152278 1
0.264559 1
0.801855 1
0.259059 1
1.103471 11
0.031023 86
10.659491 1
0.214101 1
0.073505 1
0.169831 1
0.570000 1
0.698653 1
0.497047 1
0.195363 1
0.303530 1
0.135210 1
0.189774 1
0.161131 1
1.331754 1
0.193292 1
0.236943 1
0.114884 1
0.178048 1
0.164747 1
0.349981 1
0.317914 1
1.827559 11
0.037715 71
0.002116 52
0.001584 2
0.001093 77
0.027330 72
0.033926 80
0.002898 66
0.006124 25
10.252407 2
0.000798 55
5.700708 2
0.026440 54
0.003581 235
1.888314 1
0.218448 1
0.119457 1
0.111198 1
0.166067 1
0.129681 1
0.113202 1
2.238519 33
0.549451 2
0.002273 35
0.373360 2
0.000234 37
1.447749 2
0.000186 18
0.498119 1
0.075376 1
0.203991 1
0.371091 1
3.459755 2
0.017264 60
0.864688 1
1.419803 2
0.001408 76
0.006336 97
0.025889 86
4.068781 83
0.050763 83
0.048815 83
0.135926 83
0.094104 83
0.031512 83
0.061883 83
0.074402 83
0.024894 83
0.049776 83
0.047924 83
0.023709 83
0.204151 83
0.018435 83
236.569672 1
0.237343 1
0.085068 1
0.164664 1
0.404893 1
0.301724 1
0.240066 1
0.140133 1
0.186691 1
0.260485 1
1.275572 1
0.256138 1
0.105621 1
0.211817 1
0.366231 1
0.301642 1
1.006924 1
0.187273 1
0.186324 1
0.122266 1
0.153016 1
0.175580 1
0.083618 1
0.197237 1
0.472818 1
0.235519 1
0.181809 1
0.104602 1
0.198692 1
0.226086 1
0.229824 1
0.663589 2
0.000028 9
0.039318 86
18.036737 1
0.240923 1
0.078618 1
0.196093 1
0.844489 1
31.857610 1
0.188264 1
0.622424 1
0.188379 1
0.255964 1
0.234800 1
0.122675 1
0.300930 1
1.648236 1
0.194103 1
0.156026 1
0.130517 1
0.119564 1
0.122022 1
0.092117 1
0.156560 1
4.032598 11
0.036855 86
26.466958 1
0.158410 1
0.112458 1
0.215296 1
1.107716 1
0.394092 1
0.196721 1
0.193764 1
0.207895 1
0.589520 1
0.139410 1
0.641266 4
0.172944 4
0.168885 1
0.093764 1
0.239526 1
2.246650 1
0.203057 1
0.168832 1
0.099570 1
0.195175 1
0.205435 1
4.687035 11
0.046891 86
127.758379 83
0.084610 83
0.032421 83
0.033900 83
0.017140 83
0.016835 83
0.057671 83
1.963834 1
0.527918 1
0.102750 1
0.145574 1
0.390174 1
0.153661 1
0.210910 1
0.244018 1
0.652280 1
0.227527 1
0.171117 1
0.209181 1
0.193997 1
0.561873 1
0.377128 1
0.202778 1
0.099399 1
0.394948 1
0.123390 1
0.093654 1
3.871392 11
0.008619 295
0.000035 195
0.000022 87
0.000026 50
0.000019 53
0.000024 20
0.000021 71
0.000023 2
0.000019 68
0.000024 21
0.000028 83
0.000046 2
0.000039 74
0.000046 84
0.000022 67
0.000009 35
0.000054 2
0.000182 404
0.001383 86
5.126328 83
0.076698 83
0.087873 83
0.054192 83
0.064997 83
0.041366 83
0.014214 83
0.018939 83
0.023685 83
0.024796 83
0.029658 83
0.048473 83
0.024484 83
0.023816 83
0.053951 83
0.042472 83
0.050567 83
0.050501 83
244.967053 83
0.052800 83
0.021254 83
0.026946 83
0.035630 83
0.020793 83
0.022668 83
0.021043 83
0.047651 83
0.032933 83
0.020900 83
0.020504 83
0.020237 83
0.035148 83
0.013583 83
0.016122 83
0.040573 83
0.020705 83
0.067990 83
0.092330 83
0.755648 1
0.637030 1
0.124705 1
0.144637 1
0.753388 1
0.292533 1
0.119975 1
0.185071 1
0.179746 1
0.214539 1
0.230895 1
0.177315 1
0.447563 1
0.405925 1
0.255595 1
0.353475 1
0.205153 1
0.337325 1
0.115533 1
0.191805 1
0.763751 1
0.259028 1
0.223259 1
0.160109 1
0.193717 1
0.683897 1
0.361797 1
0.333067 4
0.235819 1
0.216828 1
0.777181 1
0.199478 1
0.158644 1
0.106114 1
0.197506 1
0.797152 1
0.232014 1
0.172143 1
0.213500 1
0.316556 1
0.317175 4
0.225688 1
0.171071 1
0.181454 1
0.230783 1
0.135991 1
0.621623 1
0.471970 1
0.238160 1
0.239174 1
0.115432 1
0.192371 1
0.189252 1
1.099471 1
0.304126 1
0.259593 1
1.029725 1
0.161704 1
0.219308 1
0.158833 1
0.134916 1
0.759590 1
0.257204 1
0.229309 1
0.218121 1
0.249746 1
0.206709 1
0.652842 2
0.000524 9
0.049932 86
20.892309 1
0.526609 1
0.149719 1
0.233364 1
0.608687 1
0.325001 1
0.227686 1
0.178528 1
0.280259 1
0.218655 1
0.219524 1
0.181816 1
4.316731 1
0.193913 1
0.221542 1
0.203771 1
0.201524 1
0.209011 1
0.304440 11
0.036889 69
0.001705 54
0.002531 75
0.026275 68
0.028307 78
0.003812 66
0.006871 25
17.131715 57
6.654644 2
0.027557 54
0.002723 233
1.543715 1
0.218600 1
0.187760 1
0.187178 1
0.217602 1
0.306070 2
0.000129 31
0.532362 2
0.000053 1
0.000704 34
0.412839 2
0.000120 37
0.415742 2
0.000112 18
0.799958 1
0.050605 1
0.164897 1
0.200803 1
0.610090 2
0.024665 60
1.010262 1
0.723573 76
0.004035 95
0.024836 86
2.388566 83
0.028736 83
0.023917 83
0.025362 83
0.023394 83
0.024382 83
0.025108 83
0.075714 83
0.115169 83
0.048297 83
46.222909 83
0.078856 83
0.079829 83
0.094552 83
0.234381 83
0.958482 1
0.230620 1
0.125026 1
0.131857 1
0.336190 1
0.252981 1
0.146705 1
0.214499 1
0.189650 1
0.165248 1
0.241099 1
0.344637 1
0.201383 1
0.243064 1
0.281395 1
0.956479 1
0.286651 1
0.214286 1
0.215842 1
0.229368 1
0.203490 1
0.186652 1
0.295604 4
0.168172 4
0.124029 1
0.188055 1
0.214914 1
0.211974 1
0.209391 1
0.231597 1
0.229239 1
12.657441 11
0.038948 8
0.000106 78
20.137998 1
0.376016 1
0.144067 1
0.167666 1
0.476542 1
0.570645 1
0.151352 1
0.193064 1
0.228804 1
0.574692 1
0.580235 4
0.142610 1
0.117038 1
0.272423 1
0.974574 1
0.254573 1
0.240420 1
0.208523 1
0.210905 1
0.224773 1
0.647653 11
0.044104 86
50.980020 1
0.231283 1
0.267283 1
0.188653 1
0.177146 1
0.172432 1
0.206459 1
0.189113 1
0.181208 1
0.337538 1
0.161685 1
0.279358 1
0.142961 1
0.224919 1
0.502533 1
0.464005 1
0.173336 1
0.181151 1
0.248433 1
0.612192 11
0.001416 4095
0.000191 4095
0.000046 4095
0.000007 541
155.729002 1
0.126857 1
0.178438 1
0.412629 1
0.166413 1
0.255339 1
0.195361 1
0.258227 1
0.143641 1
0.195444 1
0.172347 1
0.329062 1
0.224630 1
0.213938 1
0.265303 1
0.272390 1
0.267834 1
14.599787 1
0.510272 1
0.020680 1
0.045601 1
0.020332 1
0.032904 1
0.024172 1
0.025890 1
0.030515 1
0.031645 1
0.029221 1
0.038980 1
0.020476 1
0.044094 1
0.015418 1
0.050541 1
0.010594 1
0.030662 1
0.029367 1
0.030705 1
0.028288 1
0.031951 1
0.030659 1
0.027081 1
0.039590 5
0.864662 11
0.033552 69
0.001616 54
0.003336 75
0.027640 68
0.031435 78
0.004367 66
0.006848 25
5.809058 2
0.002681 55
5.813959 2
0.031787 54
0.002447 233
1.450060 1
0.233696 1
0.205325 1
0.222151 1
0.205936 1
0.445992 3
0.000028 30
0.689377 3
0.000086 34
0.369596 3
0.000083 36
0.675354 3
0.000146 17
1.056922 1
0.057327 1
0.207460 1
0.219553 1
0.505727 2
0.023060 60
1.034289 1
0.453297 2
0.002744 74
0.010486 95
0.027254 86
50.747944 1
0.198834 1
0.220434 1
0.389822 4
0.174831 4
0.147974 4
0.192076 1
0.237625 1
0.095343 1
0.143073 1
0.097428 1
0.188891 1
0.154508 1
0.229556 1
0.326849 16
0.188668 37
0.189797 41
0.582251 37
0.635415 41
0.226447 37
0.196033 41
0.171073 27
0.464833 51
0.353971 71
0.607214 106
0.383175 32
0.358012 28
1.438117 2
0.005756 9
0.018139 1105
0.000111 636
0.001929 8
0.000052 78
152.137452 1
0.237785 1
0.122221 1
0.203780 1
0.455808 1
0.256407 1
0.102238 1
0.241625 1
0.168995 1
0.223104 1
0.223326 1
0.884243 1
0.271966 1
0.128951 1
0.900623 1
0.255268 1
0.258226 1
0.261343 1
0.272380 1
0.909642 1
31.571941 11
0.028902 38
0.001310 86
3.435999 20
0.213814 30
15.992580 11
0.013994 1754
14.434845 1
0.679470 1
0.183589 1
0.422317 1
0.753782 1
0.393071 1
0.150361 1
0.230600 1
0.198128 1
0.260144 1
0.303033 1
0.256640 1
0.858813 1
0.364237 1
0.343779 1
1.052115 1
0.292014 1
0.212492 1
0.195670 1
0.215631 1
0.219480 1
0.389726 2
0.000654 9
0.028552 8
0.000016 78
15.712279 1
0.347299 1
0.104967 1
0.181637 1
0.682855 1
0.561889 1
0.230231 1
0.152172 1
0.553949 1
0.309055 1
0.304485 1
0.241321 1
0.180465 1
0.342110 1
0.183901 1
0.160322 1
0.601478 1
0.189178 1
0.147881 1
0.108647 1
0.451442 1
0.427560 4
0.174281 4
0.154063 4
0.129568 4
0.143519 1
0.144058 1
0.168806 1
0.149942 1
0.782864 1
0.236685 1
0.276120 1
0.109674 1
0.215750 1
0.184010 1
0.202082 1
4.181681 11
0.036113 86
30.995532 1
0.190668 1
0.106631 1
0.154166 1
0.700858 1
0.412899 1
0.116558 1
0.205611 1
0.181198 1
0.213703 1
0.223303 1
0.535208 1
0.196953 1
0.371501 4
0.153045 4
0.352972 1
0.264112 4
0.112493 1
0.738558 1
0.204841 1
0.406355 1
0.480351 1
0.923273 1
0.302473 1
0.262627 1
0.121371 1
0.205047 1
0.177706 1
0.211224 1
1.393831 1
0.258196 1
0.097287 1
0.196484 1
0.221794 1
1.215058 11
0.035686 86
12.130818 28
0.253944 46
1.341053 4
0.500605 4
0.035125 4
0.028623 4
0.033386 4
0.033874 4
0.023832 4
0.025300 4
0.031692 4
0.032490 4
0.031549 4
0.030479 4
0.025909 4
0.029512 4
0.031487 4
0.028674 4
0.254949 4
0.180266 4
0.693937 1
0.268537 1
0.121526 1
1.713154 1
0.278994 1
0.410855 1
0.593709 1
0.367938 1
0.204124 1
0.987441 1
0.239180 1
0.204460 1
0.189567 1
0.687975 1
0.263040 1
0.421771 1
0.810355 1
0.202669 1
0.184958 1
0.191551 1
0.510236 11
0.028423 86
12.929367 1
0.207984 1
0.107026 1
0.138941 1
0.145117 1
0.189319 1
0.074088 1
0.138253 1
0.271156 1
0.355990 1
0.252601 1
0.522215 4
0.455783 1
1.274214 1
0.281944 1
0.534745 1
0.253065 1
0.198758 1
0.207875 1
0.574710 1
0.253297 1
48.867548 11
0.025159 75
0.000447 63
0.000033 60
0.000345 135
0.000086 114
0.000067 401
0.000398 506
0.000009 186
3.840086 18
0.000010 4
0.500792 18
0.000040 4
0.032001 22
0.043869 22
0.016407 22
0.033062 22
0.031446 22
0.023041 23
0.030437 23
0.031025 23
0.033811 23
0.032443 23
0.032328 23
0.023042 23
0.035067 23
0.033253 44
0.018979 130
0.448455 74
0.500755 78
0.034295 52
0.040675 127
0.017106 107
0.029233 96
0.031526 49
0.030510 160
0.030361 132
0.178158 84
0.509600 49
0.032729 6
0.000912 127
0.022403 6
0.000365 28
0.000045 15
0.000052 164
0.027685 49
0.033820 18
0.000244 16
0.000143 15
0.000129 82
0.000131 11
0.024814 18
0.000404 16
0.000103 15
0.000115 220
0.000074 11
0.027242 18
0.002703 16
0.000341 90
0.000018 11
0.029491 68
0.027229 18
0.000039 16
0.000108 15
0.030679 18
0.000157 16
0.000183 15
0.000125 96
0.000136 11
0.033569 18
0.000022 16
0.000172 15
0.000166 62
0.000062 11
0.029771 6
0.000104 12
0.000160 16
0.000167 15
0.000170 96
0.000119 11
0.227177 70
3.151846 18
0.000097 3
0.335583 6
0.000858 15
37.074799 6
0.000037 12
0.000107 5
0.211740 18
0.000157 16
0.000137 18
0.000179 82
0.000128 11
0.134477 6
0.000063 12
0.000153 16
0.000314 170
0.392765 6
0.000070 12
0.000081 34
0.000054 45
0.047889 6
0.001134 28
0.000327 154
0.000014 168
0.000034 11
0.055335 6
0.000135 206
0.098989 18
0.000028 16
0.000118 18
0.000161 116
0.628882 107
0.041190 18
0.000133 16
0.000090 18
0.000067 13
0.000051 3
0.000068 11
0.044469 18
0.000129 16
0.000510 18
0.000170 140
0.049517 18
0.000488 193
0.476839 18
0.000483 136
0.043781 18
0.000498 102
1.304587 6
0.000769 182
0.068171 199
0.493491 6
0.001040 12
0.000332 77
0.064214 81
0.504436 49
0.000024 121
0.040426 6
0.000197 46
0.000164 108
0.000171 225
0.001366 11
0.096661 6
0.000020 12
0.000849 198
0.402740 6
0.001952 12
0.001247 94
0.000246 34
0.000137 15
0.085946 203
0.421149 6
0.002749 103
0.002280 26
0.047084 6
0.000126 28
0.000304 68
1.001294 6
0.001023 169
0.090202 145
0.115990 151
0.108638 6
0.000920 152
0.457679 6
0.001003 242
0.021489 6
0.000102 12
0.000090 16
0.000109 55
0.028528 6
0.000239 28
0.000125 95
0.000010 68
0.026409 6
0.000309 131
0.038300 186
0.055737 76
0.444084 210
0.026228 6
0.000348 176
0.030040 240
0.043080 18
0.000194 16
0.000340 130
0.000082 34
0.032343 6
0.000054 12
0.000131 16
0.000210 18
0.000108 27
0.063389 49
0.326341 6
0.000135 12
0.021304 6
0.000108 12
0.024954 18
0.028707 18
0.029198 18
0.036605 18
0.000146 6
0.000024 12
0.326106 18
0.025970 18
0.034912 18
0.493371 23
0.018831 23
0.020634 18
0.000015 5
0.014739 22
0.016309 6
0.000097 16
0.016247 6
0.000215 16
0.014162 22
0.020737 18
0.000119 13
0.000218 15
0.000094 80
0.021821 18
0.000054 175
0.324025 81
0.000328 44
0.660749 6
0.000147 16
0.000337 22
0.098354 22
0.044584 22
0.047683 23
0.048765 23
0.055766 23
0.046123 23
0.586191 6
0.000538 158
0.050100 6
0.000275 94
0.062897 76
0.067767 18
0.051252 18
0.046353 18
0.051805 18
4.125108 23
0.116154 23
0.073251 6
0.000034 12
0.000032 9
0.000004 12
0.000462 3
0.046262 6
0.000757 16
0.047190 22
0.064144 22
0.053512 18
0.001846 4
0.060511 6
0.000717 40
0.000271 80
0.370472 193
0.024577 18
0.000083 11
0.000037 17
0.000048 29
0.000025 11
0.021251 18
0.000104 11
0.000086 17
0.000084 29
0.000112 159
0.000058 6
0.028390 155
0.016247 6
0.000068 12
0.000038 11
0.000028 17
0.000030 40
0.000033 50
0.000021 11
0.027013 18
0.000087 11
0.000065 17
0.000056 32
0.000088 52
0.000087 11
0.311307 18
0.000154 146
0.036146 99
0.025421 6
0.000265 12
0.000134 11
0.000093 17
0.000099 56
0.000122 18
0.000095 11
0.027220 199
0.020412 109
0.036481 18
0.000127 11
0.000070 17
0.000090 51
0.000114 60
0.000050 11
0.429416 18
0.000025 11
0.000517 17
0.000032 346
0.057127 121
0.091057 6
0.001155 12
0.000033 59
0.074730 18
0.000117 11
0.000115 17
0.000167 34
0.000192 11
0.055245 18
0.000098 11
0.000076 17
0.000070 40
0.000102 109
0.648146 6
0.000389 23
0.000065 17
0.000053 62
0.000096 65
0.000053 11
0.140277 109
0.070361 18
0.000118 11
0.000085 17
0.000078 75
0.000087 18
0.000048 11
0.050595 6
0.000366 12
0.000121 28
0.000074 130
0.000107 31
0.043688 46
0.000069 132
0.000016 11
0.033738 18
0.000025 57
0.029485 18
0.000081 11
0.000151 17
0.000068 13
0.000099 44
0.035164 18
0.000060 11
0.000056 17
0.000052 10
0.000037 61
0.000083 47
0.337416 208
0.018311 18
0.000227 345
0.026206 18
0.000116 11
0.000224 17
0.000120 29
0.000075 11
0.010361 6
0.000594 194
0.022212 142
0.014549 6
0.000238 12
0.000126 11
0.000065 17
0.000113 100
0.000135 19
0.030361 18
0.000338 28
0.000064 100
0.000160 65
0.000022 11
0.948851 22
0.032245 18
0.001041 4
0.047834 18
0.000088 4
0.099180 18
0.000169 5
0.181892 18
0.000136 5
0.043064 18
0.000023 5
0.039530 23
0.045238 18
0.000145 14
0.000256 15
0.000031 21
0.387235 91
0.031998 76
0.047054 6
0.000657 334
0.126444 159
0.098624 128
1.870294 121
0.084182 176
0.198140 168
0.145956 80
0.400504 78
2.396495 23
0.035085 18
0.000059 24
0.046300 6
0.000060 17
0.030806 6
0.000048 16
0.041865 6
0.000375 12
0.000234 4
0.071629 6
0.000221 12
0.000314 24
0.366272 18
0.000046 4
0.101150 6
0.000940 40
0.084714 18
0.000248 57
0.033852 18
0.000200 11
0.000081 15
0.000089 19
0.000084 17
0.000103 12
0.000127 26
0.000063 10
0.000073 11
0.026861 6
0.000208 23
0.000045 88
0.000027 47
0.027831 6
0.000030 202
0.028211 6
0.000156 357
0.030558 86
0.468150 200
0.065623 142
0.090754 165
0.102623 222
0.179898 65
0.153578 371
0.628456 142
0.033334 6
0.000248 12
0.000881 272
0.040587 81
0.036273 231
0.051343 93
0.054447 6
0.002166 167
0.400337 22
0.068725 22
0.057650 6
0.000842 16
0.045557 23
0.056302 23
0.073605 23
0.109525 23
0.400000 6
0.000883 148
0.155153 238
1.015881 23
0.314216 23
0.578129 23
12.055163 21
1.900449 21
0.508122 18
0.000621 3
0.027262 21
0.030044 6
0.000856 15
0.034725 6
0.000212 12
0.000133 3
0.028319 21
0.027754 21
0.025506 6
0.000043 15
0.026546 6
0.000262 15
0.031083 18
0.000232 3
0.031162 18
0.000048 3
0.029435 21
0.029187 91
0.035337 102
0.031170 122
0.030510 18
0.000097 11
0.000251 15
0.036950 18
0.000106 11
0.000132 15
0.000592 34
0.013924 74
0.032657 18
0.000073 11
0.000037 15
0.000088 75
0.000036 11
0.028848 18
0.000151 26
0.030823 18
0.000341 71
0.029325 29
0.000123 15
0.000087 54
0.000260 11
0.192594 18
0.000027 4
0.507500 22
0.031350 22
0.125543 18
0.000156 3
0.502074 18
0.000122 3
0.034460 6
0.000131 12
0.000101 3
0.026819 18
0.000175 11
0.000140 15
0.032097 18
0.000054 11
0.000156 15
0.000065 39
0.027866 6
0.000056 12
0.000154 11
0.000162 15
0.000085 36
0.000010 11
0.028523 133
0.027485 18
0.000087 11
0.000232 15
0.028988 65
0.030217 88
0.030617 84
0.034800 112
0.032294 110
0.023706 29
0.000170 15
0.029962 18
0.000186 57
0.029432 135
0.035397 115
0.023424 18
0.031589 18
0.027524 18
0.030970 18
0.039490 18
0.030515 18
0.021375 18
0.041214 18
0.021267 18
0.033687 18
0.022855 18
0.029841 18
0.030376 18
0.181430 22
0.503489 22
0.032393 22
0.034026 22
0.025002 18
0.000014 4
0.026641 18
0.000310 4
0.028558 22
0.034111 23
0.027159 18
0.000033 5
0.028633 23
0.029680 23
0.036818 23
0.023798 18
0.000015 5
0.035616 23
0.029182 23
0.027157 6
0.000240 43
0.026932 6
0.000071 12
0.000144 16
0.000207 15
0.000062 86
0.031643 34
0.000056 15
0.000085 30
0.032456 18
0.000098 16
0.000135 49
0.027080 49
0.029001 6
0.000064 12
0.000108 16
0.000058 15
0.000150 78
0.028993 107
0.033265 6
0.000020 28
0.000130 15
0.000072 47
0.032807 18
0.000064 16
0.000226 15
0.027125 18
0.000116 142
0.029168 18
0.000086 16
0.000113 15
0.000126 83
0.026837 18
0.000145 16
0.000132 50
0.032666 49
0.027384 6
0.000381 127
0.028228 6
0.000113 12
0.000204 31
0.000052 164
0.032427 49
0.028562 142
0.036090 280
0.028433 6
0.000335 129
0.028933 34
0.000216 34
0.025490 49
0.031147 6
0.000040 12
0.000099 16
0.000018 122
0.031205 122
0.028553 18
0.000240 16
0.000198 15
0.000035 107
0.028708 18
0.000288 31
0.000117 21
0.483748 6
0.000133 15
0.547331 23
0.571342 6
0.000188 12
0.000020 16
0.000121 15
0.276187 18
0.000189 124
0.455584 6
0.000116 12
0.000066 3
2.231795 6
0.000073 17
0.503564 18
0.000257 16
0.000038 94
0.000027 11
0.024948 6
0.000153 12
0.000074 16
0.000065 15
0.000063 73
0.031083 6
0.000039 12
0.000074 16
0.000058 15
0.000015 40
0.029854 49
0.032317 18
0.000580 172
0.031821 6
0.000134 12
0.000293 215
0.028804 6
0.000311 12
0.000481 112
0.029254 6
0.000267 132
0.028949 126
0.031838 82
0.499569 70
0.500384 18
0.000412 61
0.033741 6
0.000087 12
0.000058 16
0.000068 15
0.000046 19
0.027125 68
0.034366 6
0.000118 12
0.000515 31
0.031200 6
0.000014 12
0.000336 171
0.023725 6
0.000121 185
0.027812 70
0.031920 131
0.029232 18
0.000080 16
0.000272 34
0.032419 18
0.000021 16
0.000156 15
0.000126 63
0.391537 18
0.000022 3
0.507281 6
0.000111 12
0.000656 3
0.034700 21
0.028002 6
0.000024 15
0.020407 6
0.000104 12
0.000142 3
0.202991 6
0.000061 12
0.000438 3
3.948409 6
0.000067 7
0.001728 22
0.001036 15
0.000034 16
0.000022 12
1.023514 6
0.000058 15
0.000137 16
0.000088 12
0.274010 21
1.421794 6
0.000942 66
0.000096 11
0.000075 12
2.208141 6
0.000689 13
0.500918 19
0.035318 6
0.000085 12
0.000141 1
0.022656 19
0.035264 19
0.034539 19
0.024278 18
0.000069 1
0.026264 19
0.147082 19
0.702378 18
0.000270 5
0.192941 23
0.239158 23
0.229284 23
0.217238 23
0.283375 6
0.000549 17
0.374337 6
0.000059 12
0.000578 39
0.321425 18
0.000936 31
0.000031 11
0.274510 18
0.000350 43
0.147893 19
0.000073 33
0.000744 11
0.182134 18
0.000396 43
3.572254 21
0.507501 21
0.023582 21
0.043084 21
0.016707 21
0.035726 21
0.029980 21
0.141867 6
0.000093 15
0.919406 19
0.369175 6
0.000284 45
0.209445 51
0.178095 51
0.178132 51
0.302485 51
1.810150 48
1.143479 48
0.279384 6
0.000397 12
0.000066 30
0.153302 18
0.000150 19
0.000148 11
0.669715 48
1.271775 48
0.200252 48
0.226744 6
0.000045 42
1.990639 48
9.102293 14
0.000102 508
3.804134 14
0.000108 42
0.005342 7
0.000078 16
0.000022 6
0.000032 8
0.000025 32
0.000075 12
0.000013 6
0.000046 8
0.000116 476
0.000147 20
0.898377 6
0.000440 6
0.001062 60
0.006761 86
276.924117 1
0.823436 4
0.153615 1
0.165218 1
0.091876 1
0.177050 1
0.203230 1
0.771714 11
0.009770 11
0.000230 8
0.000007 78
0.265296 1
0.198341 1
0.243825 1
0.133050 1
0.930381 1
0.350308 1
0.290217 1
0.162726 1
0.140277 1
0.139938 1
1.340776 1
0.359746 1
0.514907 1
6.343775 1
0.218120 1
0.195728 1
0.138893 1
0.208415 1
0.249992 1
1.202696 1
0.300141 1
0.113219 1
0.228807 1
2.433034 1
1.240324 1
0.250975 1
0.289794 1
0.424612 1
1.889775 1
0.148706 1
0.219200 1
0.117997 1
1.214633 1
0.085828 1
0.171573 1
4.632262 1
0.323187 1
0.159786 1
0.220640 1
0.119048 1
1.455040 1
0.307621 1
0.120260 1
0.201884 1
0.170603 1
2.248324 1
1.105886 1
0.202498 1
0.131861 1
0.121452 1
0.153948 1
0.563433 1
1.190863 1
0.124186 1
0.182258 1
0.144079 1
0.941955 1
0.270355 1
0.201934 1
0.208684 1
0.090645 1
1.357730 1
0.303453 1
0.176712 1
0.219414 1
0.229899 1
1.223529 1
0.336028 1
0.213096 1
0.428157 1
1.443888 1
2.492263 1
0.153277 1
0.225030 1
0.249014 1
1.120984 1
0.759203 1
1.157460 1
0.434666 1
1.432514 1
0.264032 1
0.193362 1
0.106088 1
0.179507 1
0.227346 3
0.236407 1
0.259709 1
0.190976 1
1.386296 1
0.335701 1
0.640786 1
0.426409 1
0.276981 1
0.137321 1
0.212938 1
0.226910 1
1.382011 1
0.644781 1
0.144558 1
0.176989 1
1.042841 1
0.169718 1
0.508325 1
1.499810 1
0.195964 1
0.248546 1
0.173709 1
0.279682 1
1.089926 2
0.000809 9
0.022960 73
0.001413 86
25.519696 1
0.334311 1
0.337421 1
0.232689 1
1.368762 1
0.396396 1
0.220541 1
0.195191 1
0.094761 1
0.125072 1
1.259847 1
0.313922 1
0.568021 1
0.523242 1
0.228862 1
0.222278 1
0.336067 1
0.197264 1
0.222258 1
2.642838 1
0.492912 1
0.131851 1
0.154232 1
0.414437 1
1.246147 1
0.253152 1
0.788729 1
0.348788 1
1.285645 1
0.290856 1
0.229493 1
0.136623 1
0.134118 1
0.160588 1
0.137347 1
1.248631 1
0.275676 1
0.157697 1
0.206881 1
0.111270 1
0.799001 1
0.464170 1
0.117172 1
0.185683 1
0.223796 1
2.329417 1
0.210481 1
0.183386 1
0.169917 1
0.091422 1
0.195792 1
0.636997 1
0.278253 4
0.207069 1
2.163548 1
0.165625 1
0.284109 1
0.116533 1
7.503788 1
0.223948 1
0.173022 1
0.196470 1
0.087648 1
1.148290 1
0.442947 1
0.150238 1
0.197210 1
0.203421 1
2.977799 1
1.187121 1
0.179690 1
0.379246 1
0.085250 1
1.718735 1
0.089069 1
0.196628 1
0.158952 1
0.211835 1
4.899587 1
0.842808 1
0.394493 1
1.940360 1
0.500819 1
0.231323 1
0.139126 1
0.144362 1
0.201523 3
0.292036 1
0.267607 1
0.184993 1
3.848469 1
0.240976 1
0.115491 1
2.421407 1
0.938054 1
0.246877 1
0.204124 1
0.215146 1
1.255523 1
0.539559 1
0.113319 1
0.188055 1
0.477306 1
0.130972 1
1.494362 1
0.298006 1
0.194901 1
0.416598 1
0.091817 1
1.259370 2
0.000578 9
0.008452 73
0.001501 86
3.673885 1
0.233953 1
0.273816 1
0.124050 1
4.997420 4
0.500566 4
0.034011 4
0.031619 4
0.024138 1
1.266868 1
0.948966 1
0.286400 1
0.395824 1
0.368416 1
1.142762 1
0.989777 1
0.281788 1
0.182147 1
0.094849 1
0.135498 1
0.271557 1
0.178277 1
0.352671 1
0.342621 1
1.218402 1
0.338308 1
0.185942 1
0.242939 1
0.223610 1
0.099010 1
0.167588 1
0.379397 1
0.211854 1
0.259912 1
0.157303 1
0.153371 1
0.346242 1
0.212000 1
0.382852 1
0.238548 1
0.115305 1
0.222492 1
0.219836 1
0.455929 1
0.465608 1
0.155870 1
0.263897 1
0.704482 4
0.169544 4
0.401168 4
0.154348 1
0.210543 1
0.347416 1
0.261154 1
2.909687 1
0.213261 1
0.182731 1
0.212042 1
0.213525 1
3.608675 11
0.012543 10
0.001126 86
23.760211 1
0.173144 1
0.117496 1
0.138686 1
0.354741 1
0.250941 1
0.104840 1
0.117505 1
0.287886 1
0.284208 1
0.320031 1
0.176541 1
0.214102 1
0.206616 1
0.532335 1
0.327193 1
0.109860 1
0.184493 1
0.278348 1
0.408009 1
0.641983 1
0.236733 1
0.169306 1
0.093966 1
0.111255 1
0.190724 1
1.135865 11
0.012892 138
0.002361 62
0.000785 1428
6.161251 22
0.508598 22
0.024311 18
0.000025 4
0.041903 22
0.021716 22
0.031388 22
0.021217 18
0.000027 4
0.031696 18
0.000119 5
0.029846 23
0.029142 23
2.018282 18
0.000144 5
0.508466 23
0.032592 6
0.000119 12
0.000369 5
0.027743 23
0.040502 18
0.000101 5
0.016997 79
0.024251 6
0.000130 12
0.000151 11
0.000100 15
0.031038 18
0.000022 11
0.000104 99
0.031546 126
0.029957 11
0.000192 15
0.000187 98
0.030803 6
0.000074 12
0.000179 122
0.029810 6
0.000257 97
0.203904 139
2.143354 21
0.639809 23
0.509615 6
0.000638 12
0.000948 31
0.024115 103
0.038801 34
0.000049 55
0.423833 21
0.508303 21
0.026035 21
0.025901 21
0.200504 23
0.501457 23
0.035105 23
0.029748 23
0.024878 49
0.041957 6
0.000132 12
0.000059 16
0.000023 86
0.021199 6
0.000223 12
0.000046 86
0.000013 11
0.024683 133
0.030891 118
0.032946 106
0.231278 92
0.573685 21
0.502330 6
0.001359 15
0.029014 18
0.000056 3
0.034048 6
0.000028 15
0.033534 21
0.025462 18
0.000438 3
0.024480 21
0.029925 21
0.029169 21
0.031246 21
0.030401 21
0.030208 21
0.040490 21
0.022959 6
0.000745 15
0.041510 18
0.000023 3
0.014114 18
0.000279 26
0.037721 6
0.000091 12
0.000045 11
0.000055 24
0.000050 26
0.023409 18
0.000027 11
0.000100 87
0.026324 6
0.000031 114
0.031061 18
0.000187 11
0.000051 15
0.033009 6
0.000123 12
0.000262 11
0.000267 85
0.028622 18
0.003307 26
0.000270 61
0.000023 11
0.024674 18
0.000254 96
0.000046 11
0.029228 18
0.000082 26
0.029005 18
0.000053 11
0.000178 15
0.000008 52
0.030225 18
0.000265 26
0.000166 87
0.030194 18
0.000237 11
0.000115 15
0.000248 91
0.033246 6
0.000015 12
0.000044 11
0.000139 15
0.000053 70
0.027805 6
0.000069 12
0.000164 106
0.030920 18
0.000017 11
0.000483 15
0.031557 18
0.000318 26
0.000079 18
0.033003 6
0.000168 23
0.000087 15
0.000138 65
0.000179 11
0.021786 62
0.027003 18
0.036380 18
0.029144 18
0.033714 18
0.026316 18
0.026503 18
0.030361 18
0.028803 18
0.033621 18
0.036470 18
0.031027 18
0.019284 18
0.035765 18
0.031005 18
9.777269 22
0.727942 22
0.509183 22
0.027094 22
0.024036 22
0.040787 22
0.036842 18
0.000027 4
0.019560 6
0.000399 17
0.021480 23
0.032432 6
0.000040 17
0.027838 18
0.000288 5
0.032370 6
0.000131 12
0.000160 5
0.028296 23
0.030016 18
0.000063 5
0.035616 23
0.026113 84
0.032071 49
0.039446 133
0.019114 131
0.027278 121
0.030927 140
0.034267 103
0.027179 6
0.000279 12
0.000026 121
0.035184 49
0.028824 103
0.032991 89
0.026500 49
0.024360 120
0.034140 115
0.305950 133
0.726173 6
0.000268 12
0.000193 16
0.000984 84
0.509183 6
0.000480 100
0.018457 92
0.035237 34
0.000027 15
0.031060 18
0.000334 16
0.000303 101
0.026722 34
0.000048 104
0.029189 131
0.031730 141
0.026151 34
0.000145 107
0.032512 6
0.000056 12
0.000242 31
0.000084 24
0.030679 138
0.032405 6
0.000023 12
0.000533 16
0.000039 106
0.456641 34
0.001755 69
0.507319 6
0.000067 12
0.000248 31
0.026190 6
0.000094 12
0.000197 31
0.000056 71
0.034059 18
0.000219 16
0.000080 15
0.000141 64
0.024202 100
0.032896 6
0.000246 12
0.000235 50
0.022969 6
0.000033 104
0.028913 6
0.000182 12
0.000215 75
0.030561 18
0.000186 16
0.000134 89
0.029915 18
0.000296 16
0.000247 15
0.000083 84
0.030575 6
0.000053 12
0.000115 16
0.000208 87
0.034659 18
0.000160 31
0.029051 18
0.000284 79
0.026085 6
0.000160 12
0.000315 31
0.000107 21
0.032432 18
0.000148 31
0.030338 124
0.027507 125
0.027755 18
0.000016 104
0.034618 18
0.000114 16
0.000363 86
0.028028 82
0.028088 34
0.000072 15
0.030953 6
0.000062 12
0.000354 111
0.027153 93
0.035531 127
0.563115 93
0.502213 101
0.031641 18
0.000146 31
0.032487 127
0.033683 6
0.000024 12
0.000300 31
0.000157 26
0.000053 11
0.023580 18
0.000272 83
0.026692 18
0.000167 16
0.000134 71
0.028762 6
0.000032 12
0.000222 31
0.032595 126
0.031389 34
0.000022 80
0.032746 85
0.031258 34
0.000015 15
0.033698 34
0.000185 82
0.016808 6
0.000176 12
0.000058 16
0.000056 15
0.000011 71
0.034426 86
0.028468 18
0.000015 31
0.026787 6
0.000177 12
0.000063 16
0.000139 15
0.000067 80
0.030153 6
0.002320 12
0.000117 16
0.000241 15
0.000085 76
0.027133 6
0.000102 28
0.000234 15
0.000017 18
0.034351 6
0.000115 12
0.000063 16
0.000184 81
0.025752 6
0.000241 12
0.000092 110
0.029383 34
0.000053 87
0.032843 18
0.000483 90
0.028880 6
0.000157 12
0.000117 16
0.000150 65
0.032588 18
0.000274 31
0.000276 43
0.032546 6
0.000059 12
0.000666 31
0.024354 18
0.000047 16
0.000102 63
0.031356 34
0.000087 15
0.000126 50
0.027345 18
0.000058 16
0.000121 15
0.029596 18
0.000243 16
0.000141 15
0.000122 41
0.000026 11
0.030694 18
0.000155 16
0.000316 15
0.000203 24
0.030316 18
0.000102 16
0.000213 39
0.025694 74
0.031018 120
0.027665 49
0.032120 18
0.033314 6
0.000434 12
0.030102 18
0.024258 18
0.030409 18
0.031174 18
0.030222 6
0.000162 12
0.027715 18
0.031293 6
0.000526 12
0.031159 18
0.035418 18
0.031444 18
0.029525 18
0.029311 18
0.021134 6
0.000087 12
0.030460 18
0.032895 6
0.000170 12
0.030228 6
0.000262 12
0.034034 18
0.023890 6
0.000017 12
0.032693 6
0.000250 12
9.479376 18
0.000118 3
0.702886 6
0.000029 13
0.499297 6
0.000119 12
0.000257 1
0.030864 19
0.031596 6
0.000027 12
0.000046 1
0.027961 6
0.000041 12
0.000148 1
0.030246 6
0.000048 12
0.000155 1
0.031727 19
0.027466 6
0.000170 12
0.000093 1
0.029047 18
0.000024 1
0.029946 18
0.000053 1
0.029895 18
0.000074 1
0.032228 6
0.000057 12
0.000176 1
0.031085 19
0.037544 6
0.000156 12
0.000195 1
0.022406 6
0.000227 13
0.029851 6
0.000140 13
0.026156 6
0.000145 12
0.000050 1
0.029497 18
0.000066 1
0.030573 19
0.030831 19
0.037311 19
0.024159 18
0.000017 1
0.036041 6
0.000360 12
0.000132 1
0.022107 19
0.029759 19
0.028520 18
0.000014 1
0.031405 19
0.034313 19
0.026736 19
0.034038 19
0.029363 19
0.025176 6
0.000091 13
0.031834 18
0.000029 1
0.028341 19
0.029011 18
0.000097 1
0.033067 18
0.000137 1
0.026815 18
0.000171 1
0.032515 6
0.000089 12
0.000012 1
0.028790 19
0.032844 19
0.029606 19
0.031577 19
0.032123 19
0.037062 19
0.016396 19
0.028691 19
0.036980 19
0.029207 19
0.025385 19
0.029245 19
0.034962 19
0.031504 6
0.000127 12
0.000010 1
0.029342 18
0.000130 1
0.031986 18
0.001284 1
0.027306 19
0.028772 19
0.032359 19
0.023578 19
0.036441 19
0.021166 19
0.031670 19
0.030283 19
0.030096 19
0.030180 19
0.029395 18
0.000036 1
0.030124 19
0.028537 19
0.031025 19
0.032163 19
0.031618 19
0.027676 18
0.000101 6
0.544869 26
1.227602 35
0.000404 12
0.000052 8
0.000057 2
0.502622 18
0.000047 1
0.000006 2
0.031155 21
0.027577 21
0.029532 6
0.000091 12
0.000151 3
0.028487 21
0.032447 21
0.033740 18
0.000099 1
0.000067 2
0.027013 18
0.000131 3
0.030703 19
0.000097 2
0.026895 18
0.000245 3
0.030808 21
0.029565 18
0.000082 1
0.000166 2
0.027907 18
0.000125 1
0.000060 2
0.031450 18
0.000086 1
0.000061 2
0.032476 18
0.000073 1
0.000057 2
0.028721 18
0.000072 1
0.000095 2
0.031167 21
0.220433 21
0.512812 19
0.029847 6
0.001114 15
0.017855 21
0.028450 21
0.031386 21
0.033123 21
0.028510 6
0.000136 15
0.027305 21
0.031814 21
0.028875 6
0.000025 12
0.000239 3
0.034273 21
0.032660 6
0.001100 13
0.023567 21
0.031252 6
0.000098 15
0.027917 18
0.000161 3
0.033138 18
0.000033 3
0.029697 21
0.028084 18
0.000130 1
0.000091 2
0.027790 18
0.000084 3
0.031384 18
0.000067 1
0.000095 2
0.026832 21
0.031175 19
0.037682 6
0.000023 15
0.020256 21
0.032925 19
0.000065 2
0.029424 21
0.031126 18
0.000104 3
0.027969 18
0.000148 3
0.033145 18
0.000111 3
0.028824 6
0.000176 15
0.033837 21
0.027405 21
0.033128 21
0.028539 21
0.031026 21
0.030537 21
0.022774 21
0.029215 6
0.000013 12
0.000007 1
0.030724 18
0.000053 1
0.000011 2
0.030877 18
0.000058 1
0.000226 2
0.032958 21
0.030798 18
0.000053 3
0.029068 21
0.032948 18
0.000023 1
0.000018 2
0.025921 6
0.000007 12
0.000042 1
0.000041 2
0.186355 21
0.191256 19
0.164223 6
0.000119 15
0.162587 21
0.168804 21
0.251181 18
0.000115 1
0.000089 3
0.314725 6
0.000734 20
0.823705 522
0.836091 56
0.008672 591
0.815350 6
0.000753 66
0.002982 86
1.337321 26
2.305177 4
0.285031 4
0.226971 4
0.175272 4
0.185606 4
0.458436 1
0.249401 1
0.695646 1
0.279724 1
3.399792 2
0.000697 9
0.013643 936
1.068260 18
0.000100 1
0.505713 18
0.000025 1
0.025178 18
0.000066 1
0.031790 18
0.000072 1
0.032244 19
0.025303 18
0.000057 1
0.030703 18
0.000143 1
0.030896 18
0.000091 1
0.032434 19
0.027114 19
0.031510 19
0.034280 19
0.021859 19
0.036785 19
0.036765 19
0.023767 19
0.023534 19
0.032891 19
0.026582 19
0.034265 34
0.025149 19
0.034063 19
0.028188 19
0.035384 19
0.024118 18
0.000045 1
0.039554 19
0.026715 19
0.023366 18
0.000022 1
0.029406 19
0.032417 19
0.033605 19
0.025319 18
0.000082 1
0.038095 18
0.000111 1
0.027417 6
0.000078 13
0.023149 19
0.031963 18
0.000084 1
0.031034 19
0.029941 18
0.000068 1
0.027693 19
0.030370 19
0.032963 19
0.027641 19
0.031157 19
0.033676 19
0.029103 19
0.029443 18
0.000053 1
0.034944 18
0.000381 1
0.026415 18
0.000073 1
0.022243 19
0.030527 19
0.034905 18
0.000165 1
0.033812 6
0.000209 12
0.000031 1
0.020834 19
0.037672 19
0.030952 19
0.030421 19
0.025776 18
0.000064 1
0.030343 19
0.025775 19
0.028793 19
0.032054 19
0.026962 18
0.000233 1
0.030712 19
0.030651 18
0.000019 1
0.029944 19
0.029042 19
0.032103 18
0.000131 1
0.450567 18
0.000205 1
0.208881 18
0.000055 1
0.173438 18
0.000014 1
0.670498 56
0.500498 21
0.030969 21
0.178023 18
0.000023 1
0.000113 2
0.510703 18
0.000142 3
0.027564 6
0.000076 15
0.023941 21
0.031123 21
0.028881 21
0.030794 21
0.033308 21
0.023666 21
0.032944 21
0.031549 21
0.033959 6
0.000135 12
0.000139 3
0.024056 18
0.000103 1
0.000097 2
0.037164 21
0.022052 21
0.028726 21
0.028605 19
0.035681 21
0.025191 18
0.000054 1
0.000076 2
0.030060 21
0.032682 19
0.000055 2
0.031720 18
0.000061 3
0.029087 6
0.000066 12
0.000146 3
0.027575 18
0.000092 3
0.029915 18
0.000081 1
0.000064 2
0.027758 18
0.000052 1
0.000064 2
0.031573 18
0.000131 3
0.031588 18
0.000103 1
0.027249 18
0.000337 1
0.000014 2
0.033222 21
0.032451 21
0.027429 18
0.000098 3
0.030325 21
0.030525 21
0.030901 21
0.024970 21
0.029302 6
0.000193 15
0.034497 19
0.029774 21
0.026621 21
0.031094 21
0.031484 21
0.032097 6
0.000729 12
0.000121 3
0.033235 21
0.034195 6
0.000166 15
0.018872 21
0.028871 18
0.000145 3
0.029054 19
0.000089 2
0.028460 21
0.029971 18
0.000200 3
0.031798 6
0.000019 12
0.000145 3
0.034268 6
0.000142 15
0.024080 21
0.039328 19
0.021111 6
0.000151 15
0.034127 6
0.000017 15
0.033879 21
0.020347 18
0.000022 1
0.000341 2
0.031059 21
0.028440 18
0.000076 1
0.000259 2
0.030875 19
0.000013 2
0.030910 21
0.030044 19
0.031347 18
0.000016 3
0.029548 18
0.000227 1
0.000157 2
0.026334 19
0.000136 2
0.033637 18
0.000036 4
1.784209 14
0.000845 165
0.000114 343
0.513106 6
0.000681 50
0.009706 588
0.590705 11
0.000786 60
0.005117 86
1.431905 1
0.211008 1
0.126122 1
0.099491 1
0.163768 1
0.218472 1
0.209978 1
0.417264 1
0.312776 1
1.187220 1
1.169501 1
0.578973 1
0.991635 1
0.254840 1
0.174503 1
0.241450 1
0.405732 4
0.358738 1
0.179530 1
0.328027 1
0.231819 1
0.159316 1
0.728279 1
0.182535 1
0.666500 1
1.295691 1
0.285210 1
0.138846 1
0.228066 1
0.221989 1
0.629970 1
0.452792 1
0.101412 1
0.241486 1
0.443014 4
0.171798 4
0.126315 4
0.122301 1
0.175575 1
0.787142 1
0.292922 1
1.291528 1
0.208548 1
0.198078 1
0.203473 1
0.207881 1
0.883638 11
0.009272 46
0.000133 8
0.000021 78
2.898423 38
0.198027 1
0.510819 1
0.031356 1
0.026776 1
0.026367 1
0.032145 1
0.025279 1
0.028383 1
0.029994 1
0.031394 1
0.032407 1
0.028448 1
0.037813 1
0.022209 1
0.029156 1
0.034677 1
0.030783 1
0.024217 1
0.028561 1
0.029309 1
0.029978 1
0.031346 1
0.033971 1
0.028666 1
0.027733 1
0.031800 1
0.033377 1
0.025670 1
0.027500 1
0.030793 1
0.031036 1
0.422289 5
0.397621 11
0.020780 8
0.000128 78
74.629176 2
0.202127 2
0.096750 2
0.138782 2
0.221927 2
0.254255 4
0.152511 4
0.152723 4
0.147662 4
0.143766 4
0.737665 1
0.134435 1
0.111852 1
0.158614 1
0.195252 1
0.135922 11
0.003131 11
0.002416 86
3.082770 1
0.136961 1
0.185600 1
0.093713 1
0.185425 1
0.213239 1
0.089921 1
0.119196 1
0.296784 1
7.726005 1
1.169025 1
0.252594 1
0.246071 1
0.250533 1
0.523657 1
0.376624 1
0.102566 1
0.216925 1
0.313512 1
5.638222 1
0.534240 1
0.261502 1
0.194275 1
0.078730 1
0.157924 1
0.215394 1
0.545210 2
0.000791 9
0.014724 8
0.001022 190
0.000018 135
0.000886 1293
9.298668 22
0.038084 22
0.022885 22
0.021597 23
0.021265 23
0.018240 23
0.033370 23
0.242776 84
0.022661 131
0.014766 6
0.000202 5
0.000114 15
0.000287 172
0.013765 6
0.000076 12
0.000085 16
0.000025 152
0.011003 147
0.012508 151
0.012004 18
0.000085 16
0.000113 135
0.013868 6
0.000134 28
0.000019 18
0.000049 128
0.000029 11
0.016353 183
0.239298 6
0.000067 12
0.000126 16
0.000176 66
0.017461 18
0.000046 16
0.000034 18
0.000035 80
0.000033 84
0.012516 18
0.000051 16
0.000037 18
0.000029 76
0.000027 76
0.000023 11
0.009215 6
0.000020 12
0.000039 16
0.000053 123
0.009985 237
0.010853 111
0.012219 176
0.012371 18
0.000158 16
0.000010 134
0.028623 6
0.000531 12
0.000133 16
0.000179 18
0.000268 78
0.000315 32
0.205113 18
0.000210 16
0.000189 18
0.000143 68
0.000202 79
0.018690 18
0.000229 16
0.000266 95
0.014390 18
0.000097 16
0.000097 18
0.000045 42
0.000050 32
0.005988 18
0.000295 16
0.000149 15
0.000007 6
0.000070 12
0.000097 16
0.000083 90
0.008463 18
0.000262 96
0.000040 29
0.000077 16
0.000018 15
0.000055 73
0.009576 6
0.000047 12
0.000045 16
0.000056 18
0.000026 65
0.000041 20
0.000033 24
0.010750 34
0.000005 18
0.000034 69
0.000011 11
0.022558 163
0.227010 6
0.000366 131
0.017464 18
0.000101 34
0.000016 67
0.000039 11
0.014995 6
0.000054 12
0.000035 16
0.000030 18
0.000005 31
0.000016 36
0.000022 11
0.010611 105
0.000008 6
0.000019 12
0.000025 16
0.000029 15
0.009227 18
0.000015 16
0.000039 18
0.000023 131
0.010470 93
0.010677 6
0.000215 12
0.000088 16
0.000043 18
0.000033 61
0.000101 66
0.009125 18
0.000049 16
0.000046 18
0.000039 42
0.014068 18
0.000050 16
0.000041 15
0.000032 69
0.000030 11
0.000041 18
0.000060 16
0.000024 15
0.000034 76
0.224862 18
0.000903 16
0.000043 91
0.017702 6
0.000061 12
0.000042 16
0.000034 15
0.000027 68
0.000021 11
0.000052 6
0.000084 115
0.015705 18
0.000114 16
0.000052 15
0.000188 48
0.000036 11
0.000157 6
0.000015 12
0.000061 16
0.000047 15
0.000037 39
0.000030 11
0.008079 18
0.000055 16
0.000031 15
0.000093 43
0.000106 49
0.009713 6
0.000110 12
0.000054 16
0.000056 18
0.000030 42
0.000036 61
0.011020 6
0.000066 12
0.000008 16
0.000076 21
0.000030 12
0.000061 31
0.000041 52
0.017824 6
0.000103 12
0.000081 16
0.000062 18
0.000060 29
0.000019 24
0.016190 18
0.000044 16
0.000034 18
0.000029 30
0.218825 18
0.021460 18
0.015069 6
0.000010 12
0.010816 18
0.010066 18
0.011183 6
0.000138 12
0.020512 18
0.021838 18
0.215594 18
0.017589 18
0.011945 18
0.008673 18
0.010153 18
0.010400 18
0.010325 18
0.016328 18
1.727303 13
0.000048 16
0.000646 6
0.000353 41
1.463632 6
0.000436 12
2.073661 6
0.000510 15
0.766589 23
0.924747 61
13.988403 14
0.000930 165
0.000059 343
0.546738 6
0.000014 8
0.000127 5
0.001202 37
0.013646 593
1.289962 12
0.000691 60
0.003424 86
152.515689 1
0.198551 1
0.106961 1
0.299038 1
0.499650 1
0.296943 1
0.295147 1
0.199037 1
0.154551 1
0.081547 1
0.144760 1
0.222459 1
0.086097 1
1.510672 1
0.109476 1
0.207054 1
0.401060 4
0.512899 4
0.033322 4
0.015913 4
0.029003 4
0.035381 4
0.027824 4
0.131545 4
0.192695 4
0.360829 4
0.288547 1
0.139427 1
0.215515 1
0.135393 1
0.188857 1
1.149983 1
0.254126 1
0.193304 1
0.134986 1
0.305346 1
0.156697 1
0.772353 1
0.151199 1
0.182772 1
0.068787 1
0.242018 4
0.175872 4
0.129779 4
0.229534 1
0.041953 1
2.298471 1
1.835936 1
0.363660 1
0.649256 1
0.264323 1
0.209103 1
0.119578 1
0.128954 1
0.128267 1
0.257360 1
0.235718 1
0.184789 1
0.294053 1
0.360207 1
0.117452 1
0.237690 1
0.190606 1
0.402002 1
0.402987 1
0.266582 1
0.101493 1
0.229035 1
4.275420 2
0.000102 9
0.017384 17
0.001402 86
39.144470 1
0.236325 1
0.097163 1
0.124628 1
0.283944 1
0.189946 1
0.091083 1
0.128698 1
0.269281 1
0.338397 1
0.289042 1
0.132262 1
0.231037 1
0.213186 1
0.275387 1
0.307199 1
0.129502 1
0.296524 1
0.295928 1
0.239194 1
0.549884 1
0.500139 1
0.484773 1
0.254890 1
0.144022 1
0.355935 1
0.258871 1
4.131198 1
0.631368 1
0.098925 1
0.242326 1
0.190775 1
0.264590 1
0.150086 1
0.108975 1
0.176550 1
2.905113 11
0.011557 75
0.000245 122
0.000225 135
0.000051 114
0.000021 401
0.000147 105
0.000022 288
0.000120 298
0.000037 188
1.198418 22
0.116043 22
0.115343 22
0.057645 6
0.000082 17
0.055394 23
0.031727 23
0.032181 23
0.052778 49
0.265817 211
0.024193 203
0.021903 107
0.022028 237
0.024460 18
0.000311 16
0.000133 18
0.000127 153
0.000118 72
0.000015 34
0.031300 6
0.000159 28
0.000017 18
0.000065 136
0.000006 23
2.469345 225
0.193205 221
1.355900 18
0.000108 16
0.000635 242
0.722557 6
0.002287 99
4.080519 18
0.126702 18
0.118320 18
0.110289 18
0.098872 18
0.000234 18
8.414969 18
0.000121 5
0.367598 23
0.899761 18
0.000071 5
0.328208 6
0.000220 17
0.061307 18
0.105939 18
0.279081 18
0.069570 18
0.397679 18
0.000183 5
0.128558 18
0.000522 5
0.041733 23
0.067639 22
0.046637 22
0.054696 22
0.110972 22
0.292080 22
0.049933 22
0.063500 22
0.142710 23
0.092253 23
0.060913 23
0.063760 23
0.058341 18
0.100642 18
0.200256 23
0.038631 23
0.098671 23
0.124384 22
0.068103 22
0.076372 22
0.111944 22
0.078046 123
0.360401 22
0.066702 22
0.062273 22
0.060272 23
0.308927 23
0.153756 23
0.000306 23
0.149144 18
0.000590 5
0.153396 18
0.000618 29
0.131687 18
29.592332 6
0.000717 48
0.071348 18
0.000072 1
0.241133 6
0.000099 12
0.000307 1
0.210373 18
0.000063 1
0.217220 19
0.220512 6
0.000013 12
0.000439 1
0.075573 18
0.000015 1
0.190342 19
0.468925 19
0.512332 18
0.000140 1
0.019646 19
0.036195 19
0.023848 6
0.000035 13
0.030196 6
0.000038 13
0.028800 6
0.000188 12
0.000026 1
0.032591 6
0.000296 12
0.000018 1
0.026839 19
0.030377 19
0.242057 18
0.000171 1
0.244007 18
0.000026 1
0.324308 6
0.000950 13
0.394975 19
1.636907 19
0.203763 19
0.307489 19
0.254058 18
0.000952 1
1.680136 19
0.440461 19
0.140254 19
0.159652 6
0.000958 13
0.205378 19
0.144588 19
0.191069 19
0.179722 18
0.000176 1
0.183930 6
0.000891 13
0.526258 6
0.000045 12
0.000025 1
0.277222 6
0.000160 13
0.166624 19
0.196724 6
0.000053 13
0.319683 6
0.000075 12
0.000640 1
0.298915 6
0.000284 12
0.000758 3
0.095218 19
7.637600 19
0.106155 19
0.137693 18
0.000111 1
1.767767 18
0.000134 1
0.207588 19
0.190842 19
0.129181 19
0.394402 21
0.212033 21
0.218416 21
1.318089 6
0.000766 13
0.499570 6
0.000120 13
0.045847 19
0.018609 6
0.000191 13
0.024041 6
0.000154 13
0.033760 6
0.000015 12
0.000041 1
0.029506 19
0.035606 19
0.021145 18
0.000037 1
0.030386 6
0.000090 13
0.277712 6
0.000147 13
0.536418 19
0.512050 19
0.200843 18
0.000063 1
0.134486 6
0.000088 12
0.000873 1
0.106647 19
0.974723 6
0.000032 12
0.000446 1
0.167625 18
0.000072 1
0.186769 18
0.000058 1
0.186590 18
0.000117 1
0.528769 18
0.000040 1
0.253464 18
0.000118 1
9.662908 6
0.000086 8
0.000081 165
0.000025 34
0.000025 135
0.000025 7
0.000051 6
0.000067 143
0.000025 18
0.429585 6
0.009789 5
0.000083 37
0.004089 37
0.000155 57
0.000091 225
0.000063 217
0.000158 34
0.000076 12
0.001013 8
0.437451 72
0.004732 86
538.616556 1
0.612216 4
0.150481 1
0.117304 1
0.069042 1
0.141406 1
0.154410 1
0.141161 11
0.001262 11
0.000395 8
0.000039 78
0.448656 1
0.222338 1
0.107079 1
0.205630 1
0.452620 1
0.186009 1
0.047566 1
0.123647 1
0.235801 1
0.140393 1
0.174904 1
0.107117 1
0.198671 1
0.204422 1
0.226106 1
0.622088 1
0.208744 1
0.178899 1
0.168201 1
0.871939 1
0.120798 1
0.087026 1
0.138778 1
1.027939 1
0.109309 1
0.188896 1
0.203064 1
0.401187 4
0.145618 1
0.228665 1
0.227438 1
0.183854 1
0.252817 1
0.547075 1
0.219264 1
0.213839 1
0.081146 1
3.939800 2
0.000049 9
0.020471 8
0.000041 130
0.007745 62
0.000010 3
0.000052 132
0.000075 114
0.000049 256
0.000016 145
0.000193 44
0.000008 6
0.000045 94
0.000007 6
0.000046 147
0.000007 78
0.000074 117
0.000006 79
0.000119 191
1.915973 22
0.510103 22
0.030148 22
0.035649 22
0.021569 22
0.033705 22
0.027064 22
0.021623 18
0.000080 5
0.030295 23
0.031932 23
0.031726 6
0.000253 17
0.026394 6
0.000034 12
0.000113 5
0.031731 18
0.000110 5
0.027948 6
0.000075 17
0.031279 6
0.000043 17
0.031063 6
0.000390 123
0.032669 130
0.026776 99
0.028660 62
0.031987 14
0.000042 103
0.031275 18
0.000263 16
0.000508 15
0.000097 18
0.025301 139
0.030362 6
0.000120 12
0.000197 60
0.028986 67
0.030439 18
0.000116 16
0.000102 15
0.000072 75
0.000010 11
0.032218 134
0.029898 133
0.029917 111
0.031036 67
0.028295 6
0.000115 12
0.000043 16
0.000188 96
0.029439 6
0.000047 132
0.028560 34
0.000169 97
0.029380 18
0.000136 31
0.000351 77
0.035309 18
0.000039 31
0.000441 84
0.024736 6
0.001003 28
0.000167 33
0.032256 135
0.030718 103
0.028380 67
0.031576 6
0.000693 128
0.023997 67
0.034492 138
0.027813 136
0.031343 112
0.026825 137
0.029034 135
0.033791 126
0.028466 67
0.027842 6
0.000632 132
0.029793 18
0.000175 16
0.000119 15
0.000142 45
0.031596 67
0.032898 6
0.000305 12
0.000228 16
0.000336 15
0.000158 84
0.000136 11
0.026794 18
0.000070 16
0.000135 33
0.036747 100
0.030115 18
0.000174 16
0.000122 15
0.000060 18
0.019714 18
0.000118 31
0.000063 40
0.033985 67
0.029719 118
0.032098 67
0.028758 6
0.000186 12
0.000116 16
0.000096 15
0.000085 56
0.024075 67
0.031400 132
0.034611 113
0.025885 18
0.000105 49
0.029210 34
0.000168 73
0.031897 18
0.000097 49
0.030314 34
0.000073 15
0.000049 71
0.000042 11
0.032107 6
0.000385 61
0.026625 18
0.000182 31
0.000017 43
0.000319 11
0.029436 67
0.027959 18
0.000127 16
0.000042 15
0.000081 72
0.029932 18
0.000200 16
0.000218 33
0.034352 34
0.000083 15
0.000081 72
0.026798 6
0.000077 61
0.031061 6
0.000181 12
0.000252 16
0.000081 77
0.000068 11
0.028988 18
0.000263 31
0.000126 18
0.026517 18
0.000036 126
0.029611 6
0.000145 12
0.000096 16
0.000148 15
0.000103 78
0.000008 11
0.029941 18
0.000135 16
0.000040 15
0.000110 95
0.031231 67
0.030274 6
0.000172 12
0.000126 16
0.000109 15
0.000087 74
0.000096 11
0.028057 34
0.000132 15
0.000228 68
0.029299 67
0.030072 6
0.000194 12
0.000158 16
0.000137 15
0.000129 81
0.000118 11
0.029410 6
0.000042 12
0.000150 16
0.000105 15
0.000121 66
0.032569 83
0.038093 6
0.000034 12
0.000233 31
0.000179 18
0.021464 18
0.000072 16
0.000303 15
0.000022 63
0.000147 11
0.032247 18
0.000181 16
0.000192 81
0.023489 18
0.000012 16
0.000184 82
0.000028 11
0.030337 18
0.000722 107
0.000024 11
0.028313 18
0.000395 16
0.000107 15
0.000054 26
0.000079 11
0.031622 18
0.000050 16
0.000209 15
0.000059 18
0.027646 18
0.000378 104
0.029064 6
0.000390 12
0.000053 16
0.000222 15
0.000078 45
0.034850 6
0.000134 12
0.000170 16
0.000200 41
0.000016 11
0.029422 18
0.000434 49
0.025495 34
0.000071 15
0.000077 85
0.044961 77
0.032189 18
0.000061 16
0.000099 22
0.000651 11
0.011036 6
0.000110 12
0.000121 16
0.000076 15
0.000057 64
0.000057 11
0.030675 107
0.029244 6
0.000303 115
0.031749 18
0.000050 16
0.000120 15
0.000109 38
0.028487 67
0.030270 6
0.000140 12
0.000147 16
0.000149 15
0.000114 56
0.000121 11
0.033936 18
0.000198 16
0.000129 15
0.000136 37
0.025264 18
0.000218 16
0.000093 15
0.000121 18
0.035865 6
0.000749 118
0.020719 6
0.000150 12
0.000135 16
0.000172 15
0.000108 34
0.000061 11
0.028893 6
0.000241 61
0.031250 6
0.000140 12
0.000365 16
0.000067 15
0.000074 71
0.029606 18
0.000261 74
0.032718 6
0.000275 12
0.000076 16
0.000193 22
0.000100 11
0.027334 18
0.000023 16
0.000238 15
0.000142 76
0.000094 11
0.032799 18
0.000732 68
0.000121 11
0.029157 6
0.000165 12
0.000138 49
0.025192 116
0.030591 94
0.032270 67
0.031050 132
0.029538 76
0.026173 49
0.031838 18
0.028986 18
0.033389 18
0.031936 18
0.030278 18
0.023831 18
0.032198 18
0.035331 18
0.023602 18
0.029761 18
0.028299 18
0.031754 18
0.029838 18
0.033881 18
0.031695 18
0.024921 18
0.042195 18
0.021596 18
0.026882 18
0.033411 18
0.032824 18
0.022876 18
0.029299 6
0.000466 12
3.198222 54
0.364873 18
0.000017 1
1.765507 19
0.470643 19
0.127675 19
0.235294 18
0.000161 1
0.279834 18
0.000018 1
0.251638 19
0.225114 19
0.176145 19
0.134170 18
0.000248 1
0.193663 18
0.000158 1
0.762792 18
0.000127 1
0.278301 19
0.089491 18
0.000139 1
0.196471 18
0.000489 1
0.176777 19
1.710580 18
0.000703 1
1.220114 18
0.000121 1
0.363746 6
0.000089 13
0.100884 18
0.000216 1
0.210129 18
0.000173 1
0.188315 19
0.281488 6
0.000019 12
0.000040 1
0.369913 18
0.000101 1
0.409329 18
0.000603 1
0.196863 19
0.092495 18
0.000051 1
0.155709 19
0.107809 19
5.211035 23
0.000428 27
1.675483 18
0.000078 1
1.291045 18
0.000484 1
0.307591 6
0.000137 12
0.000642 1
0.199583 19
0.148113 18
0.000040 1
2.551293 19
0.464278 18
0.000075 3
0.267997 6
0.000091 13
2.028898 19
0.227795 6
0.000038 13
0.140060 19
0.486820 6
0.000038 13
0.347687 6
0.000495 12
0.000309 1
0.536723 18
0.000184 1
0.999250 6
0.000098 13
0.388808 6
0.000027 13
0.297700 19
0.285354 19
0.359721 6
0.001354 13
0.836411 18
0.000122 1
0.285794 19
0.298056 6
0.000158 13
0.197990 18
0.000045 1
0.590302 19
0.246362 6
0.001138 13
0.305227 18
0.000566 1
0.203278 19
0.431707 18
0.000201 1
0.157280 18
0.000120 1
0.318853 6
0.000126 13
0.212608 19
0.776950 18
0.000018 1
0.387352 6
0.000344 12
0.001054 1
81.791341 19
0.783085 6
0.001310 12
0.000077 1
0.000085 2
0.461160 6
0.000207 8
0.001400 508
0.644495 49
0.008997 593
0.476291 12
0.000166 8
0.001570 12
0.000089 40
0.010638 86
0.754206 1
0.120842 1
0.087062 1
0.124596 1
0.106496 1
0.182079 1
0.063937 1
0.103269 1
0.238460 1
1.257889 4
1.135676 1
0.167337 1
0.151254 1
0.120143 1
0.215054 1
0.183735 1
0.119700 1
0.256909 1
0.083479 1
0.194001 1
0.277265 1
0.421072 1
0.338127 1
0.250053 1
0.140593 1
0.090942 1
0.101067 1
0.198718 1
0.339402 2
0.000630 9
0.030394 1628
0.791123 18
0.000033 4
0.041792 18
0.000060 4
0.031021 18
0.000519 4
0.023918 23
0.021696 6
0.000254 17
0.018433 6
0.000036 17
0.016307 6
0.000061 12
0.000097 5
0.025475 6
0.000146 78
0.351374 6
0.000395 12
0.000043 11
0.000335 102
0.027627 6
0.000021 5
0.000126 187
0.018157 186
0.017236 147
0.013951 34
0.000011 117
0.010694 6
0.000016 117
0.010801 6
0.000021 12
0.001095 16
0.000086 18
0.000016 139
0.016219 18
0.000247 165
0.258759 100
0.024219 18
0.000061 16
0.000035 15
0.000047 75
0.000077 29
0.000007 16
0.000038 15
0.000028 89
0.019922 215
0.015654 157
0.012418 18
0.000150 16
0.000122 18
0.000092 94
0.000091 80
0.000136 11
0.008597 6
0.000103 12
0.000078 16
0.000017 18
0.000054 59
0.012731 120
0.000457 6
0.000086 12
0.000112 16
0.000109 15
0.000087 53
0.000078 11
0.011152 111
0.020417 162
0.252397 6
0.000720 193
0.019624 6
0.000273 123
0.016989 18
0.000179 16
0.000262 18
0.000219 42
0.000018 32
0.012437 18
0.000182 16
0.000126 18
0.000086 64
0.000079 11
0.014897 18
0.000145 16
0.000108 18
0.000096 70
0.000132 68
0.010230 161
0.010616 6
0.000379 126
0.015420 34
0.000179 18
0.000116 38
0.000106 73
0.016512 18
0.000333 119
0.252844 18
0.000175 16
0.000339 85
0.000019 11
0.026372 18
0.000139 16
0.000194 18
0.000018 31
0.000126 36
0.000018 11
0.016468 18
0.000085 16
0.000067 18
0.000086 50
0.000021 11
0.008574 18
0.000050 16
0.000037 18
0.000030 71
0.000026 49
0.000026 11
0.017994 18
0.000214 16
0.000045 18
0.000148 41
0.014886 6
0.000009 12
0.000142 218
0.010384 18
0.000054 16
0.000038 15
0.000075 55
0.000005 16
0.000043 15
0.018690 6
0.000094 12
0.000146 16
0.000145 18
0.000109 74
0.000143 71
0.025454 18
0.000211 16
0.000134 18
0.000143 73
0.242265 192
0.023339 6
0.000280 144
0.012968 100
0.011080 155
0.013175 104
0.010006 105
0.009551 74
0.000128 49
0.009822 101
0.014061 18
0.020191 18
0.282005 18
0.028369 18
0.015658 18
0.012899 18
0.010025 18
0.014066 18
0.012198 18
0.018176 18
0.014722 18
0.032821 18
3.475121 18
1.529808 6
0.000942 74
2.902770 522
0.710582 6
0.000237 50
0.009231 97
0.000107 488
0.000008 8
37.178034 72
0.004606 8
0.000098 78
38.859878 2
0.179716 2
0.084829 2
0.127138 2
0.343353 4
0.151055 4
0.143826 4
0.112429 4
0.564454 1
0.113745 1
0.120402 1
0.177210 1
0.221065 1
0.128013 11
0.002315 11
0.002121 8
0.000081 78
2.111517 83
0.075219 83
0.056488 83
1.265750 1
0.267235 1
0.196146 1
0.115733 1
0.186432 1
0.073233 1
0.215918 1
0.154520 1
0.105995 1
0.646649 11
0.014259 19
0.000027 2
0.000308 86
19.054926 1
0.050884 1
0.196698 1
0.298548 1
0.602096 1
0.230306 1
0.113298 1
0.128972 1
0.214532 1
0.195758 1
0.113886 1
0.192140 1
0.261715 1
0.458192 1
0.111891 1
0.550404 1
0.269039 4
0.076968 1
0.203848 1
0.891283 1
0.124345 1
0.087301 1
0.678978 11
0.011791 73
0.000920 868
0.000148 78
17.045972 1
0.051596 1
0.136079 1
0.241628 1
0.317408 11
0.002533 73
0.000458 860
0.000283 8
0.000062 78
37.975772 1
0.235889 1
0.335616 1
0.125007 1
1.625696 17
