0.010583 14
0.008342 86
84.297415 1
0.182146 1
0.220298 1
0.117303 1
0.387587 1
0.851564 1
0.837991 1
0.270751 1
0.179645 1
0.156929 1
0.130208 1
0.205392 1
0.165482 1
0.172847 1
0.251278 1
0.251557 1
0.407756 1
0.283733 1
0.637034 4
0.228383 4
0.227189 4
0.316874 4
0.484475 1
0.329417 1
0.306124 1
0.206404 1
0.139525 1
0.237344 1
0.102431 1
0.294546 1
0.181202 1
0.181140 1
0.102608 1
0.219190 1
0.064664 1
0.133561 1
0.233904 1
0.248279 1
0.122064 1
1.079242 1
0.338531 1
0.391490 1
0.185444 1
0.225147 1
0.485630 1
0.418944 1
0.422031 1
4.400034 1
2.046827 1
0.293599 1
0.289072 1
1.245370 2
0.000025 9
0.000469 36
0.000037 2
0.000187 8
0.000065 78
0.180433 1
0.186037 1
0.275556 1
4.529745 1
0.448647 4
0.500768 4
0.029534 4
0.031517 1
0.028607 1
0.033699 1
0.030433 1
0.026435 1
0.239230 43
0.278798 1
0.500048 1
0.034927 1
0.028626 1
0.032596 1
0.023732 1
0.029583 1
0.032263 1
0.028730 1
0.733882 1
0.378755 3
0.342612 23
0.402369 19
1.982513 11
0.000797 8
0.000201 78
0.660967 1
0.001432 1
0.674255 1
0.318656 1
0.228761 1
0.249634 1
0.223054 1
0.284937 1
0.799586 1
0.149125 1
0.215444 1
0.255253 1
0.491844 11
0.007848 113
29.398449 1
0.195754 1
0.260461 1
0.270899 1
0.185426 1
0.224343 1
0.445211 1
0.359435 1
0.739115 1
1.466316 1
0.300410 1
0.398479 1
0.428254 1
0.778434 1
0.560051 1
0.291261 1
0.290016 1
0.352808 2
0.000776 9
0.001919 5
0.000879 79
0.000092 78
56.997701 1
0.187267 1
0.365848 1
0.288449 1
0.139959 1
0.177482 1
0.139949 1
0.541130 1
0.120751 1
0.670145 1
0.261041 1
0.200742 1
0.101012 1
0.239111 1
0.341801 1
0.207174 1
0.217025 1
0.270384 1
1.035651 11
0.012563 86
0.259398 1
0.209099 1
0.250067 1
0.165148 1
0.138169 1
0.133870 1
0.179223 1
0.070319 1
0.328101 1
0.275340 1
0.182117 1
0.089736 1
0.224565 1
0.121526 1
0.126241 1
0.200167 1
0.233931 1
0.150037 11
0.009010 292
0.000249 86
18.592840 1
0.165673 1
0.127071 1
0.119499 1
0.188708 1
0.461098 1
0.332307 1
0.487406 4
0.215110 1
0.131169 1
0.545671 1
0.188450 1
0.136953 1
0.086786 1
0.209789 1
0.592514 1
0.266025 1
0.113990 1
0.186014 1
0.190001 1
0.156601 1
0.156347 1
0.164787 1
0.484001 1
0.499924 4
0.268819 1
0.236618 1
0.165230 1
0.096823 1
0.248638 1
0.148440 1
0.217786 1
0.247885 1
0.223366 11
0.008085 8
0.000022 78
0.988117 1
0.202897 1
0.181850 1
0.153099 1
0.180705 1
0.209962 1
0.516577 1
0.134903 1
0.155956 1
0.473689 1
0.231769 1
0.155014 1
0.080930 1
0.160549 1
0.116535 1
0.221091 1
0.257267 1
0.418262 11
0.003123 51
0.000084 78
17.224473 1
0.207126 1
0.215502 1
0.363563 1
0.203323 1
0.412296 1
0.004890 1
0.003339 1
0.151184 1
0.558890 1
0.235409 1
0.155641 1
0.076690 1
0.188639 1
0.111864 1
0.216152 1
0.217825 1
0.185677 1
0.194020 1
0.290576 1
0.355651 1
0.198826 1
0.633939 1
0.130807 1
0.128529 1
0.301980 1
0.440484 1
0.192648 1
0.152740 1
1.201141 2
0.000071 9
0.003306 8
0.000025 78
0.124408 1
0.214982 1
0.251998 1
0.323927 1
0.208193 1
0.425237 1
0.350792 1
0.189265 1
0.739861 1
0.424746 1
0.188588 1
0.146789 1
0.075543 1
0.281568 11
0.002325 43
0.000287 8
0.000076 78
11.925543 1
0.481272 1
0.165546 1
0.236199 1
0.534662 1
0.535779 1
0.184760 1
0.082616 1
0.220808 1
0.184412 1
0.160423 1
0.550891 4
0.367844 1
0.302867 1
0.166446 1
0.214622 1
0.260195 1
0.274807 11
0.011500 86
0.254617 1
0.199062 1
0.209578 1
0.189751 1
0.263575 1
0.106668 1
0.207663 1
0.199523 1
0.235297 1
0.208075 1
0.146136 1
0.216279 1
0.241443 1
0.213589 11
0.002675 102
0.000459 86
12.457608 1
0.211138 1
0.267672 1
0.133723 1
0.538116 1
0.403323 1
0.306972 1
0.222981 1
0.211097 1
0.282702 1
0.280942 1
0.192873 1
0.162249 1
0.502900 1
0.465112 1
0.164679 1
0.180088 1
0.200460 1
0.733903 1
0.600031 1
0.248218 1
0.885771 1
0.231451 1
0.197799 1
0.421054 1
0.251584 1
0.747466 1
0.107444 1
0.423971 1
0.309176 1
0.710682 1
1.009004 1
0.203045 1
0.481304 1
0.316807 1
0.266188 1
0.165738 1
1.548001 1
0.771253 11
0.009427 14
0.000136 8
0.000028 78
12.516246 1
0.204271 1
0.243175 1
0.133157 1
0.500441 1
0.678679 1
0.307864 1
0.520260 1
0.186040 1
0.236249 1
0.130325 1
0.455408 1
0.266250 1
0.130186 1
0.156262 1
0.414211 1
0.173908 1
0.552644 1
0.346065 1
0.274357 1
0.560572 1
0.279091 1
4.879538 1
0.448173 1
0.343846 1
0.190680 1
0.399403 1
0.376643 1
0.154845 1
0.434768 1
0.463285 1
2.530488 4
0.879038 1
0.860304 1
0.454155 1
0.417603 1
0.793233 1
0.339738 4
0.185223 4
0.607142 1
0.460392 1
1.639900 2
0.000272 9
0.002011 9
0.000811 88
8.878618 35
0.951481 1
0.455088 1
0.236992 1
0.542094 1
0.009897 1
0.119266 1
0.175166 1
0.276356 5
0.910932 3
0.219594 3
0.207273 3
0.178972 3
0.336220 3
0.330787 3
0.816482 3
0.220639 3
0.818760 11
0.004551 7
0.000010 8
0.000028 78
8.674161 1
0.154651 1
0.118911 1
0.113079 1
0.399287 1
0.400773 1
0.337613 1
0.262437 1
0.208492 1
0.535880 1
0.304381 1
0.208004 1
0.096779 1
0.600773 1
1.347825 11
0.003933 86
0.416388 1
0.171922 1
0.206476 1
0.090472 1
0.118217 1
1.081146 1
0.203935 1
0.202228 1
0.170976 1
0.664050 1
0.287344 1
0.245674 1
0.202642 1
1.290379 1
0.804588 1
0.569054 1
0.276383 1
1.457069 1
0.247878 1
1.022922 1
0.173863 1
0.215283 1
0.230018 1
0.198347 1
0.163257 1
0.217899 1
0.329440 1
0.192251 1
0.215426 1
0.192916 1
0.205125 1
0.171033 1
0.641262 1
0.285735 1
0.188214 1
0.935036 1
0.284387 1
0.098943 1
0.214559 1
0.266392 1
3.081048 11
0.009842 86
0.558623 1
0.174781 1
1.004129 11
0.003544 118
0.000041 529
0.001770 86
2.022908 1
0.448072 1
1.008405 1
0.953193 1
0.260531 1
0.149799 1
0.227339 1
0.106479 1
0.196364 1
0.352908 1
0.531467 1
0.294580 1
0.218158 1
5.841357 1
0.635105 1
0.321490 1
0.180956 1
0.233505 1
0.240693 1
1.119375 1
0.157512 1
0.206675 1
0.204016 1
0.145933 1
0.244858 1
0.191665 1
0.085937 1
0.209639 1
0.530641 4
0.244215 1
0.305028 1
1.547584 11
0.012738 86
0.803529 1
0.102493 1
0.825862 1
0.214978 1
0.194538 1
0.180172 1
0.138529 1
0.221360 1
0.173595 1
0.077866 1
0.607432 1
1.581777 11
0.002301 66
0.000596 157
1.978170 1
0.127494 1
0.316707 1
1.303602 1
0.838317 1
0.307493 1
0.285127 1
0.767599 1
0.277754 4
0.171551 4
0.166428 4
0.265761 4
0.338229 1
0.225448 1
0.270820 1
0.342587 1
0.807495 1
0.137234 1
0.204301 1
0.197415 1
0.235114 1
0.850077 1
0.197247 1
1.633545 1
0.158175 1
0.270565 1
0.329721 1
0.806565 1
0.406194 1
0.358228 1
0.277164 1
0.322602 1
0.290599 1
0.373541 1
0.467267 1
0.083074 1
0.365970 1
0.351057 1
0.225007 1
0.119745 1
0.192502 1
0.154769 1
0.226790 1
0.274937 1
0.573727 11
0.001452 57
0.005132 86
0.301098 1
0.092257 1
0.240424 1
0.206699 1
0.146456 1
4.092443 41
0.335269 1
0.510121 1
0.023318 1
0.041865 1
0.020727 1
0.034005 1
0.026767 1
0.024945 1
0.028779 1
0.031648 1
0.033175 1
0.033219 1
0.022146 1
0.041858 1
0.017787 1
0.042067 1
0.024344 1
0.028361 1
0.025751 1
0.029507 1
0.032757 1
0.028182 1
0.033521 1
0.036033 1
0.025665 1
0.025169 1
0.033833 1
0.028596 1
0.026341 1
0.030192 1
0.030416 1
0.030763 1
0.029296 1
0.030746 1
0.038966 1
0.024017 1
0.030684 1
0.024303 1
0.029956 1
0.030506 1
0.032220 1
0.027680 1
0.030046 1
0.036098 1
0.024074 1
0.033130 1
0.026584 1
0.029573 1
0.031003 1
0.381823 5
0.263529 5
0.207448 5
0.631539 5
0.866263 5
0.472510 11
0.002590 55
0.000172 2
0.034548 33
1.563947 2
0.028705 86
7.311974 1
0.092211 1
0.216470 1
0.134576 1
0.296260 1
4.426026 4
0.234876 4
0.200106 4
0.198727 4
0.207416 4
0.212389 1
1.784593 1
0.062812 1
0.268873 1
0.151257 1
0.205746 1
0.183326 1
0.108590 1
0.281816 1
0.436544 4
0.216928 1
0.163483 1
0.063165 1
0.919432 1
2.906077 11
0.005047 104
0.393405 11
0.214841 52
0.394708 212
0.662234 11
0.002280 8
0.000248 96
1.481357 1
0.202388 1
0.293260 1
0.247994 1
0.264109 1
0.094600 1
0.290667 1
0.803539 4
0.182220 4
0.147465 4
0.141529 4
0.108757 4
0.179555 4
0.160689 4
0.190529 1
0.043291 1
0.192211 1
0.158724 1
0.147952 1
0.262407 19
0.000958 78
0.581698 1
0.515763 1
0.205428 1
0.271947 1
0.265527 1
0.064998 1
0.275192 1
0.264128 1
0.194111 1
0.078139 1
0.212197 1
0.150302 1
0.219447 1
0.259609 1
0.692969 11
0.002002 35
0.000074 86
0.001163 8
0.000125 78
2.387560 83
0.006346 83
12.556638 83
7.495535 1
0.106098 1
0.446290 1
0.258172 1
0.336066 1
0.264950 1
0.505920 1
0.188350 1
0.278084 1
0.255397 1
0.199671 1
0.273289 1
0.220859 1
0.192913 1
0.119234 1
0.295885 1
0.474455 1
0.326558 1
0.156988 1
0.232444 1
0.188152 1
0.069745 1
0.221037 1
0.189052 1
0.211153 1
0.240515 1
0.352653 1
0.401139 1
3.598634 1
0.158112 1
0.206976 1
0.163012 1
0.206680 1
0.229697 1
0.159549 1
0.165572 1
0.352627 4
0.162785 4
0.124609 4
0.053880 1
0.138407 1
0.276727 1
0.143527 1
0.254813 1
0.221899 1
0.374993 1
0.165157 1
0.452313 1
0.230991 1
0.117835 1
0.189730 1
0.113096 1
0.215146 1
0.253705 1
0.170712 2
0.000654 9
0.008952 8
0.000194 78
2.056123 1
0.247014 1
0.278128 1
0.283135 1
0.186090 1
0.172493 1
0.184198 1
0.230090 1
0.198141 1
0.322791 1
0.150815 1
0.209789 1
0.171299 1
0.067666 1
0.257618 1
0.140891 1
0.226127 1
0.271938 1
0.315196 2
0.000019 9
0.002702 23
0.000144 1567
0.000164 86
19.252604 1
0.299486 1
0.304490 1
0.107227 1
0.300736 17
